# id ra dec s L A b x y a flux x_0 y_0
0.000000000000000000e+00 1.227711495149076484e+02 -2.735909781901581539e+01 5.027411866966729370e+00 3.679758588976042120e+02 8.957357785794741289e+01 3.247035921081983929e+02 4.201937174601569495e+03 5.329731550984182604e+02 -8.940000000000000568e+01 8.229963440689365380e+05 5.280812348054466838e+02 4.467862943365327624e+02
1.000000000000000000e+00 1.227686257026614243e+02 -2.736121742858947314e+01 4.881858402425968357e+00 3.677420590664039537e+02 9.003610277524964545e+01 3.185774872522692931e+02 4.161420662245713174e+03 4.902343628229373849e+02 -8.940000000000000568e+01 1.581351267131418455e+06 4.842249876948815199e+02 4.875642998818883029e+02
2.000000000000000000e+00 1.228338738122940441e+02 -2.736265801105725970e+01 4.603612371533248648e+00 3.671738872870965338e+02 8.962519689216956920e+01 3.251694192412745110e+02 4.137148398740459015e+03 1.609969333925531146e+03 -8.940000000000000568e+01 1.372884034079273231e+06 1.604322677156180134e+03 5.236975482711643508e+02
3.000000000000000000e+00 1.227784270594718521e+02 -2.737063927238341776e+01 6.352045556555953709e+00 3.721839143282638247e+02 9.001944064322449890e+01 3.193971209842791836e+02 3.979073076067111288e+03 6.579741369346677402e+02 -8.940000000000000568e+01 5.565287327655451372e+05 6.502305766758888694e+02 6.713845260460118425e+02
4.000000000000000000e+00 1.227782937118751221e+02 -2.737090589033962829e+01 5.279538400764686834e+00 3.651299780231812520e+02 8.990792726747888253e+01 3.176485765669410739e+02 3.974572914100460366e+03 6.557705215026553560e+02 -8.940000000000000568e+01 2.658699717262731865e+05 6.478756174314297596e+02 6.765360405767161183e+02
5.000000000000000000e+00 1.227782301193826271e+02 -2.737079530117758708e+01 5.413245945156575090e+00 3.690808087077519417e+02 8.972792177113085188e+01 3.234827233568588554e+02 3.976205861511753938e+03 6.547821984184580515e+02 -8.940000000000000568e+01 4.720987957161944360e+05 6.468107533907633524e+02 6.743846841031584063e+02
6.000000000000000000e+00 1.228180525267102752e+02 -2.737244620991240041e+01 4.916479256289794542e+00 3.684536192548796407e+02 8.988118313142241789e+01 3.208189657125685699e+02 3.946925953013945673e+03 1.337713679801219314e+03 -8.940000000000000568e+01 1.597951549301299267e+06 1.330180162852980629e+03 7.113781478571617072e+02
7.000000000000000000e+00 1.227632406586563008e+02 -2.737389072861867945e+01 4.917746907681490143e+00 3.669397650289340049e+02 8.971084417808556566e+01 3.230710366629077157e+02 3.915585646507766796e+03 3.971321261084042362e+02 -8.940000000000000568e+01 9.088187484648590907e+05 3.886788729910248321e+02 7.325605610016028777e+02
8.000000000000000000e+00 1.228000656104501900e+02 -2.737632782261484010e+01 6.217188114823505529e+00 3.713497128068904090e+02 8.989086783263481095e+01 3.206215317858969343e+02 3.870568554521998522e+03 1.028551776429440906e+03 -8.940000000000000568e+01 5.974451352096423507e+05 1.020370952487827822e+03 7.843328807987660412e+02
9.000000000000000000e+00 1.227998701090053260e+02 -2.737642711032454201e+01 5.691381461669017483e+00 3.697020875815608747e+02 8.971589532688868474e+01 3.232572955394921905e+02 3.867742606161050844e+03 1.026031796194581375e+03 -8.940000000000000568e+01 5.434218449748950079e+05 1.016989557526775570e+03 7.862328118082028823e+02
1.000000000000000000e+01 1.228000042737290300e+02 -2.737633100171119338e+01 6.174286853000329423e+00 3.711562277294029286e+02 8.988691853758899697e+01 3.207687973696754966e+02 3.870571587619929687e+03 1.028247087842222527e+03 -8.940000000000000568e+01 5.948155730593651533e+05 1.019317014296599041e+03 7.843867935392173649e+02
1.100000000000000000e+01 1.228133301423558237e+02 -2.738088485673914008e+01 5.065656202251506812e+00 3.690349351272325862e+02 8.973762300339696196e+01 3.229807989943424218e+02 3.782971097713989820e+03 1.256538252604527315e+03 -8.940000000000000568e+01 1.893536669274176471e+06 1.246981756394535296e+03 8.743410249859240366e+02
1.200000000000000000e+01 1.227665016176929242e+02 -2.738089878434978530e+01 5.002264808726448742e+00 3.681510298876012257e+02 8.980366579571460761e+01 3.209460785631735007e+02 3.779864074748917119e+03 4.527683068869278031e+02 -8.940000000000000568e+01 9.705728415023959242e+05 4.429681357672549780e+02 8.687918350772507665e+02
1.300000000000000000e+01 1.227951581120420315e+02 -2.738271788510013138e+01 5.063738656892622814e+00 3.677193714979547963e+02 8.980696959839028182e+01 3.219052484838024384e+02 3.745654294421232407e+03 9.444272820920198228e+02 -8.940000000000000568e+01 1.669298272728590295e+06 9.345281562993623083e+02 9.075764900439781968e+02
1.400000000000000000e+01 1.227674745419519979e+02 -2.738358622129379327e+01 5.064068453155708305e+00 3.659089099035712138e+02 8.966418910846499557e+01 3.219348345644659730e+02 3.727823912637499234e+03 4.696081595212034472e+02 -8.940000000000000568e+01 1.341347838165779132e+06 4.590192131567755496e+02 9.210002445165913514e+02
1.500000000000000000e+01 1.228298472009504820e+02 -2.739474719426799965e+01 6.048585762942101596e+00 3.765775991389001547e+02 8.994766515654291084e+01 3.198921976849003386e+02 3.515088962216872460e+03 1.539632195479248594e+03 -8.940000000000000568e+01 6.814923712571654469e+05 1.527061171604789479e+03 1.145159042766460288e+03
1.600000000000000000e+01 1.228294425053023673e+02 -2.739509422700196239e+01 5.079224954422950411e+00 3.659125073295214179e+02 8.964564026584000089e+01 3.239906503973413123e+02 3.507864194023668006e+03 1.532717145715437937e+03 -8.940000000000000568e+01 5.853851871047550812e+05 1.520025985052294118e+03 1.151833042673275031e+03
1.700000000000000000e+01 1.228371952908394746e+02 -2.739527824832917702e+01 3.298116709171821537e+00 3.649999759875149152e+02 8.995422052218663111e+01 3.197364121694448613e+02 3.505126992930845063e+03 1.665750850372968216e+03 -8.940000000000000568e+01 2.025291210370468907e+05 1.653071404014423933e+03 1.156409816590020228e+03
1.800000000000000000e+01 1.228113865549674841e+02 -2.740546676335169352e+01 5.457725277063882885e+00 3.693428548974636669e+02 8.955053129613231988e+01 3.241469874175070345e+02 3.305727272283803813e+03 1.221726263208610362e+03 -8.940000000000000568e+01 4.996228651854330674e+05 1.207466093063116432e+03 1.350563078408064484e+03
1.900000000000000000e+01 1.228195310127885733e+02 -2.740561992059810947e+01 3.324713706179503347e+00 3.649999726997207290e+02 8.997183113217646167e+01 3.183674605156998609e+02 3.303080389587740683e+03 1.361664672588051644e+03 -8.940000000000000568e+01 2.122508270049397834e+05 1.347230254173563253e+03 1.354572523907422237e+03
2.000000000000000000e+01 1.228113645915713050e+02 -2.740548325421517006e+01 5.359231444176427495e+00 3.690949219708301143e+02 8.953434520664140450e+01 3.243666070345385606e+02 3.305187834595174536e+03 1.221518935397601808e+03 -8.940000000000000568e+01 4.908937925109826028e+05 1.207084960405846914e+03 1.350879924350163037e+03
2.100000000000000000e+01 1.228348423430118288e+02 -2.741482286888425790e+01 3.299792095678731663e+00 3.649999855389085610e+02 9.002660749628300607e+01 3.182220065044902526e+02 3.126104899800142448e+03 1.624089235463251043e+03 -8.940000000000000568e+01 1.715152046015178785e+05 1.607719783667005686e+03 1.534933439192865762e+03
2.200000000000000000e+01 1.228402277566274563e+02 -2.741487806267441840e+01 5.260712515132645706e+00 3.664691462466726080e+02 8.951249608651980338e+01 3.252541009605916997e+02 3.124579603917655731e+03 1.716658054792982284e+03 -8.940000000000000568e+01 5.230663028149926104e+05 1.700140467224242911e+03 1.536707919097763352e+03
2.300000000000000000e+01 1.227887505962765431e+02 -2.742394586193906036e+01 8.547051508859565772e+00 3.659026171401748684e+02 9.010718613589629911e+01 3.178165864450737104e+02 2.947289015144930090e+03 8.331396817867928348e+02 -8.940000000000000568e+01 6.712696942800432444e+05 8.143575122768792198e+02 1.705895704073129536e+03
2.400000000000000000e+01 1.227878184016649499e+02 -2.742424917776910220e+01 5.706109144132370581e+00 3.693465448075539257e+02 8.943229458332830006e+01 3.263804678842424778e+02 2.939768449179488471e+03 8.162629575155423254e+02 -8.940000000000000568e+01 4.304658123006829992e+05 7.982840606010208830e+02 1.711659182998639608e+03
2.500000000000000000e+01 1.227937901883582441e+02 -2.744273630411543863e+01 4.354500712592403566e+00 3.649999606905487326e+02 8.996771725870871705e+01 3.048931253713199112e+02 2.583052296863995707e+03 9.187973548503922530e+02 -8.940000000000000568e+01 3.357450310877733864e+05 8.962036329032011963e+02 2.070733093708959586e+03
2.600000000000000000e+01 1.228403827589587962e+02 -2.744651079821885986e+01 5.379709953082132401e+00 3.672274416598555717e+02 8.943792078818925972e+01 3.242588711620102799e+02 2.510885614112003623e+03 1.717323613941218127e+03 -8.940000000000000568e+01 1.592567868391743861e+06 1.694747909167467014e+03 2.149857721749978282e+03
2.700000000000000000e+01 1.227601972044352721e+02 -2.745406489645268522e+01 4.520180276800275898e+00 3.662598594923855444e+02 8.999868120304306274e+01 3.163188296791874450e+02 2.361046666593052123e+03 3.415633196928623079e+02 -8.940000000000000568e+01 5.124324298898436129e+06 3.170242757011517369e+02 2.286197257679694303e+03
2.800000000000000000e+01 1.227591906461325095e+02 -2.746493235882888584e+01 4.570169013049905971e+00 3.662337474684646850e+02 8.940802208515323457e+01 3.246064918004530000e+02 2.150721966140869426e+03 3.237116475708134544e+02 -8.940000000000000568e+01 1.824185465016006026e+06 2.971265090119632077e+02 2.496716296348402466e+03
2.900000000000000000e+01 1.228359058745367491e+02 -2.747147334151145870e+01 5.056817400463053502e+00 3.651292229856499034e+02 9.002358878073654580e+01 3.164286354019985197e+02 2.028200262126892085e+03 1.640015293584521487e+03 -8.940000000000000568e+01 4.820652118473784067e+05 1.611592182653363579e+03 2.633111025561654060e+03
3.000000000000000000e+01 1.227710733659150009e+02 -2.747970099644950537e+01 4.749669192871797563e+00 3.665509789788886224e+02 8.935022923299975162e+01 3.250008193090682198e+02 1.865153854943688430e+03 5.271962451825565950e+02 -8.940000000000000568e+01 1.585526244486924727e+06 4.973879598741652330e+02 2.784406100948245694e+03
3.100000000000000000e+01 1.227685136428206079e+02 -2.748580641060532415e+01 5.157421302671631125e+00 3.680300285364181718e+02 9.002695219366593449e+01 3.154619568185183311e+02 1.746416838425906462e+03 4.829806859561928718e+02 -8.940000000000000568e+01 1.475535637500232086e+06 4.519941961707520477e+02 2.902433471711086895e+03
3.200000000000000000e+01 1.228003749795449551e+02 -2.748819218386099905e+01 8.087004072936082366e+00 3.768397424763784329e+02 8.915597078951141441e+01 3.252613130752682764e+02 1.701697289086315322e+03 1.029752233393136748e+03 -8.940000000000000568e+01 4.927177581375595182e+05 9.979099604757534507e+02 2.952610574186943268e+03
3.300000000000000000e+01 1.228106272645843688e+02 -2.749879942181980397e+01 3.325039757806472984e+00 3.649999659627275150e+02 8.998418465528908428e+01 3.129973022246731489e+02 1.497089092895353133e+03 1.204632951978070878e+03 -8.940000000000000568e+01 2.580973178206328303e+05 1.171109961407653373e+03 3.159501110241071274e+03
3.400000000000000000e+01 1.228300822371684120e+02 -2.750781236369838822e+01 6.475351579569315952e+00 3.668825337962763342e+02 8.957403757389471366e+01 3.245052977975728368e+02 1.323183278678729494e+03 1.537679713627859428e+03 -8.940000000000000568e+01 1.496503392165733501e+06 1.502495827024828941e+03 3.336693305311188851e+03
3.500000000000000000e+01 1.227634792581387586e+02 -2.750878101718445734e+01 5.660663773780535202e+00 3.579255701403150169e+02 8.976174256996971224e+01 3.186458820144005699e+02 1.300921700050549134e+03 3.958650167196955181e+02 -8.940000000000000568e+01 9.119126634818483144e+05 3.600706067262589158e+02 3.347128978507234933e+03
3.600000000000000000e+01 1.227909644608916722e+02 -2.751183438108015267e+01 5.245115076033589396e+00 3.680525851622716687e+02 8.943188990014022011e+01 3.212307355358107088e+02 1.242947019302862600e+03 8.664595480706965418e+02 -8.940000000000000568e+01 1.835673524729075842e+06 8.306630954501233646e+02 3.409677349491817040e+03
3.700000000000000000e+01 1.228251192749999205e+02 -2.751573140068050805e+01 8.661103730247202037e+00 3.669182501691743710e+02 8.927002549079045934e+01 3.227347721780233201e+02 1.168989792262353831e+03 1.452815206591861852e+03 -8.940000000000000568e+01 6.838693425356019288e+05 1.415387842045982779e+03 3.489540639470996211e+03
3.800000000000000000e+01 1.228340822234239624e+02 -2.751608594533107421e+01 3.339222939252728839e+00 3.649999714802996778e+02 8.999233592542329063e+01 3.145371438347773392e+02 1.163032048622400907e+03 1.605997882186087281e+03 -8.940000000000000568e+01 1.902282394175892696e+05 1.568994563178666340e+03 3.497575559357520888e+03
3.900000000000000000e+01 1.228193324715797274e+02 -2.751970622725785631e+01 4.986850943498262190e+00 3.673904259253145597e+02 8.937644641641834653e+01 3.246552880866852320e+02 1.092736908367799515e+03 1.352789230532234797e+03 -8.940000000000000568e+01 1.341327154639183544e+06 1.315157064401259049e+03 3.565837263210117271e+03
4.000000000000000000e+01 1.227841467004491705e+02 -2.751993161433902557e+01 5.817906553335687292e+00 3.696694274017732482e+02 8.996875032287354657e+01 3.158399552164682973e+02 1.085854814950634363e+03 7.499754195171308311e+02 -8.940000000000000568e+01 1.225403476168306544e+06 7.117584626354599777e+02 3.565776120316950710e+03
4.100000000000000000e+01 1.228352334923566644e+02 -2.751861356289424876e+01 6.527558140669050601e+00 3.652519551075557160e+02 9.006731736340516647e+01 3.243858573060227286e+02 1.113950267614833365e+03 1.625487420461915008e+03 -8.940000000000000568e+01 6.607424111356167123e+05 1.588095046866118309e+03 3.546716989847464902e+03
