# id ra dec s L A b x y a flux x_0 y_0
0.000000000000000000e+00 8.005794135962939606e+01 1.393756187576715888e+01 2.456689404759562656e+00 1.200933104221586802e+02 9.043241633626288944e+01 1.108419321866333860e+02 4.285039526729678073e+03 5.310288274032909612e+02 -6.890000000000000568e+01 1.873803840610521380e+06 4.778451020883132401e+02 2.349007184064051899e+02
1.000000000000000000e+00 8.005808586864169740e+01 1.393797760625633941e+01 2.455243763927015266e+00 1.200907316847026181e+02 9.000266460781487865e+01 1.117137201075839243e+02 4.293721625622253669e+03 5.306882986660391452e+02 -6.890000000000000568e+01 1.872511398181604687e+06 4.805390234853502989e+02 2.268942875065772000e+02
2.000000000000000000e+00 8.005665143356578994e+01 1.392969166345988086e+01 2.351267278884242806e+00 1.196996105849076173e+02 9.044621513847380356e+01 1.107944487602267856e+02 4.135624975693394845e+03 5.629970839808521532e+02 -6.890000000000000568e+01 2.738031791920855641e+06 4.538620347177795793e+02 3.864485403228068776e+02
3.000000000000000000e+00 8.005279751457467796e+01 1.392947692682609784e+01 1.305547266470813206e+01 1.824945125977070290e+02 8.996833228248200953e+01 1.118073715021515682e+02 4.105600207992413743e+03 4.975028886211644021e+02 -6.890000000000000568e+01 2.150604551795102656e+06 3.818466297984640505e+02 3.906408420388951299e+02
4.000000000000000000e+00 8.010815302553100992e+01 1.392954719894699878e+01 1.338740597554249767e+01 2.203606220682185324e+02 8.994965807978229577e+01 1.108414851253784690e+02 4.480667001578338386e+03 1.461552923788053704e+03 -6.890000000000000568e+01 2.152195483133102767e+06 1.416284349555033032e+03 3.883443223285470935e+02
5.000000000000000000e+00 8.008238845722110000e+01 1.392523402785563569e+01 2.503990341748298043e+00 1.203312720231103583e+02 9.056712663745888392e+01 1.107755190678192179e+02 4.229094247278267176e+03 1.042267710912622988e+03 -6.890000000000000568e+01 1.393613696292327018e+06 9.348914076189433899e+02 4.718565766365053378e+02
6.000000000000000000e+00 8.010287921670520461e+01 1.392195612197727073e+01 1.360526646551323005e+01 2.204924088150087300e+02 8.992927762626334243e+01 1.120474020361469769e+02 4.308050744853001561e+03 1.422321581503922289e+03 -6.890000000000000568e+01 2.130970322991999798e+06 1.317876172613644940e+03 5.345986978716324529e+02
7.000000000000000000e+00 8.004280883344947028e+01 1.391889285033227353e+01 4.145761027979887103e+00 1.662297756633894608e+02 9.003342829972267225e+01 1.107659580004275881e+02 3.848784076438041666e+03 3.971848422033599491e+02 -6.890000000000000568e+01 6.053083431980330497e+05 1.953381528152630153e+02 5.945643017209930576e+02
8.000000000000000000e+00 8.013346251404861675e+01 1.391790960623528584e+01 2.823012837070205006e+00 1.214735842208711745e+02 9.051533010904478260e+01 1.109520506736310921e+02 4.442802026988167199e+03 1.984003964920930457e+03 -6.890000000000000568e+01 9.480940096263977466e+05 1.889500292964841265e+03 6.118965178299313266e+02
9.000000000000000000e+00 8.006962077121458776e+01 1.391539700653739864e+01 2.658488693844684114e+00 1.206560434985677688e+02 8.998233165244273835e+01 1.119339200529874461e+02 3.965550490340392571e+03 8.881552304069059574e+02 -6.890000000000000568e+01 1.059224590083957417e+06 6.964565956927391426e+02 6.614653483863937709e+02
1.000000000000000000e+01 8.006162406191141656e+01 1.389241271313666992e+01 5.457555420590487927e+00 1.469647329343098363e+02 9.048973053675683786e+01 1.108681710839320260e+02 3.499924446996062670e+03 9.088844118829041463e+02 -6.890000000000000568e+01 9.262524664118030341e+05 5.473747121240705837e+02 1.104115935723208622e+03
1.100000000000000000e+01 8.009461791929375352e+01 1.389139891875008814e+01 8.595164824423102701e+00 1.613194638485854284e+02 9.002847687989010694e+01 1.118815989811048297e+02 3.704162513021375617e+03 1.491207652368106892e+03 -6.890000000000000568e+01 1.252871300287951715e+06 1.164053130564630919e+03 1.123079923187184477e+03
1.200000000000000000e+01 8.011245372661397823e+01 1.388494246532874321e+01 7.755052879248747644e+00 1.782200675284471458e+02 9.009774796359033644e+01 1.109569655040426142e+02 3.708417824191944874e+03 1.846704352920250813e+03 -6.890000000000000568e+01 1.269705603915126063e+06 1.497537404691239090e+03 1.247052719722628808e+03
1.300000000000000000e+01 8.004609408139621962e+01 1.388841215966166942e+01 5.458612219890190076e+00 1.780622110482621281e+02 9.063464697273822424e+01 1.110978487066344513e+02 3.323928004691863407e+03 6.653599389821199566e+02 -6.890000000000000568e+01 1.094219000842207810e+06 2.571762430680661282e+02 1.181371336219634031e+03
1.400000000000000000e+01 8.007391520924083750e+01 1.388451312980150121e+01 1.014458144532851591e+01 1.814851883385386486e+02 8.937108446474412915e+01 1.122187927757898080e+02 3.440223307559867408e+03 1.178107999922687441e+03 -6.890000000000000568e+01 1.404908030968035804e+06 7.772301150306855106e+02 1.256012137543692461e+03
1.500000000000000000e+01 8.004971819074094697e+01 1.388705891559563277e+01 4.748423454547472389e+00 1.708152985928790031e+02 8.998849598393640292e+01 1.133524984624832825e+02 3.323031042983566749e+03 7.384897199655741815e+02 -6.890000000000000568e+01 5.240539331949640764e+05 3.249323532465711537e+02 1.207373336237524427e+03
1.600000000000000000e+01 8.010595750363819434e+01 1.387731813871558906e+01 1.253316227911883551e+01 2.129598599020519885e+02 9.027020944478348952e+01 1.108733631843362559e+02 3.527080654943517857e+03 1.785938175049617030e+03 -6.890000000000000568e+01 1.920117331736694323e+06 1.376265039874376271e+03 1.393971268488903206e+03
1.700000000000000000e+01 8.013200270784449231e+01 1.387470816457163991e+01 2.330493749669275694e+00 1.195531445476790822e+02 9.033182181535387656e+01 1.113479121021801461e+02 3.655918766321958174e+03 2.258082258473530146e+03 -6.890000000000000568e+01 2.982816359202004969e+06 1.863143245915373427e+03 1.443701096979318663e+03
1.800000000000000000e+01 8.006270026644901350e+01 1.387470574995215955e+01 2.446936572448758618e+00 1.200935307450488665e+02 9.019528359925737959e+01 1.115328982451548399e+02 3.188806653765910596e+03 1.050106500061023326e+03 -6.890000000000000568e+01 1.790528966562335612e+06 5.677701478029190412e+02 1.445016068499911398e+03
1.900000000000000000e+01 8.005242183874001682e+01 1.387369306109932232e+01 9.495976575523625840e+00 1.841261727316389454e+02 8.947500929227922484e+01 1.112906172134406972e+02 3.101335708845977024e+03 8.781256126104093482e+02 -6.890000000000000568e+01 1.317972597866656724e+06 3.756661208063998743e+02 1.464669744226318926e+03
2.000000000000000000e+01 8.005487338937834352e+01 1.387049798811887769e+01 2.894959817023815329e+00 1.214573720010463092e+02 9.101511516918468203e+01 1.098524477034799531e+02 3.060577617298546556e+03 9.428127454822346181e+02 -6.890000000000000568e+01 9.682264831890035421e+05 4.215381913799217841e+02 1.526148750810546971e+03
2.100000000000000000e+01 8.010447542244814656e+01 1.387049180824686800e+01 2.998996980846913019e+00 1.214722087300478535e+02 8.953302568381488413e+01 1.130141064689712351e+02 3.395711431525996886e+03 1.807738245522938541e+03 -6.890000000000000568e+01 8.388427479340408463e+05 1.348693925592711821e+03 1.525428669274996992e+03
2.200000000000000000e+01 8.009597118712498798e+01 1.386787196694309721e+01 5.617214386954208827e+00 1.442882398636122900e+02 9.099647722515140913e+01 1.099766681400688668e+02 3.290625715901765489e+03 1.677398070299929259e+03 -6.890000000000000568e+01 9.619858520524685737e+05 1.189781835011442126e+03 1.576026720879422555e+03
2.300000000000000000e+01 8.009839309717911249e+01 1.385880981320155314e+01 2.537823731233058044e+00 1.200830150371991181e+02 8.954234298421880567e+01 1.129202846647385741e+02 3.143818673266493533e+03 1.783300215984490478e+03 -6.890000000000000568e+01 1.380070947130580666e+06 1.235222110088499448e+03 1.750458518454792738e+03
