# id ra dec s L A b x y a flux x_0 y_0
0.000000000000000000e+00 1.409775652410673104e+02 1.881979331794400068e+01 3.635632784123119077e+00 7.322336040527559931e+01 9.200289984016221467e+01 9.658090645916310280e+01 2.920647662919194318e+03 6.616292833172058181e+02 -3.879999999999999716e+01 3.392415785827823915e+06 4.223507780000887806e+02 5.086267561847140541e+02
1.000000000000000000e+00 1.409538177574004294e+02 1.886098212912719774e+01 3.463675698662707081e+00 7.276020902305943139e+01 9.008766774267010646e+01 9.471570033972335523e+01 2.760409452555503776e+03 1.551103795824180452e+03 -3.879999999999999716e+01 3.111381334903198108e+07 8.551724167286745342e+02 1.301586368644176446e+03
2.000000000000000000e+00 1.409085721707465382e+02 1.889017151361531788e+01 4.194124011682801800e+00 7.477607042284894590e+01 9.188335903292210105e+01 9.664262299401569578e+01 3.051785622518233140e+03 2.505027816261581393e+03 -3.879999999999999716e+01 1.360170934332926059e+06 1.679407186205681455e+03 1.863625117065583936e+03
3.000000000000000000e+00 1.409454093157601733e+02 1.893622321816310006e+01 7.925166798807671498e+00 8.500636233739180625e+01 8.982820610931622696e+01 9.606247705659787073e+01 1.972075559259432112e+03 2.775835190679705647e+03 -3.879999999999999716e+01 6.012493539794983808e+05 1.008393995199516553e+03 2.750203837323402240e+03
4.000000000000000000e+00 1.409871172757023885e+02 1.897431901352324957e+01 4.215368998133617318e+00 7.437976714124911837e+01 9.218944776444102729e+01 9.675416183542964177e+01 9.207181845045298587e+02 2.871701537387060398e+03 -3.879999999999999716e+01 1.432590135435472010e+06 2.490354000193822230e+02 3.483766305135030052e+03
5.000000000000000000e+00 1.409127554011598704e+02 1.899110542810247537e+01 4.203574499628630612e+00 7.444538118470798338e+01 9.218593712448439703e+01 9.675405819618215730e+01 1.773705118177135773e+03 3.971554107059677335e+03 -3.879999999999999716e+01 1.441218761899538105e+06 1.602878361679924637e+03 3.806896427115889765e+03
6.000000000000000000e+00 1.409112452981166541e+02 1.899809996209510388e+01 4.329338164833243852e+00 8.499998788926141913e+01 9.020862885723757074e+01 9.597406188964129115e+01 1.709909070018908324e+03 4.093583429260189405e+03 -3.879999999999999716e+01 3.752369940088067669e+05 1.630346046182098235e+03 3.941566888567975639e+03
7.000000000000000000e+00 1.409301856320468005e+02 1.900060658161093841e+01 3.528455582564157478e+00 7.240359638699503364e+01 9.193857449276103466e+01 9.629663882641989403e+01 1.411689628249592033e+03 3.915264987871066296e+03 -3.879999999999999716e+01 8.342383915665500797e+06 1.285547807304179059e+03 3.989784548136863123e+03
8.000000000000000000e+00 1.409143967818796739e+02 1.900002215193250521e+01 4.403145352906411958e+00 8.499998804869599667e+01 9.010260638437357272e+01 9.604280509591607995e+01 1.642958063285620483e+03 4.086806102097462826e+03 -3.879999999999999716e+01 3.386743108028954593e+05 1.572969710131500278e+03 3.978565190643537790e+03
