# id ra dec s L A b x y a flux x_0 y_0
0.000000000000000000e+00 1.076645653181907960e+02 4.909080073217332796e+01 1.955849445340142267e+00 6.096158116762799182e+02 9.037099301583299393e+01 8.247572918315293578e+01 3.845349444072033293e+03 1.378948958624887609e+03 -7.809999999999999432e+01 1.469176428617252503e+06 1.204913670917489071e+03 9.676434076527870047e+02
1.000000000000000000e+00 1.076810293113404953e+02 4.905910947944672529e+01 1.934417761155707183e+00 6.099843696080511108e+02 9.002499628452677882e+01 8.332723800821764826e+01 3.290243966554720828e+03 1.706820492964310688e+03 -7.809999999999999432e+01 1.436483979939741082e+06 1.411318784240016839e+03 1.578818939334644483e+03
2.000000000000000000e+00 1.076353337970439839e+02 4.901374972666806684e+01 1.674854592994151847e+00 6.089547602868253762e+02 9.032886929205298543e+01 7.967598775352632856e+01 2.318082069937873257e+03 1.320077555948876807e+03 -7.809999999999999432e+01 4.549359576964418590e+07 8.324084766239461715e+02 2.450386048430861592e+03
3.000000000000000000e+00 1.076204890785086974e+02 4.900695043537459838e+01 2.160440923513545108e+00 6.100092874417174471e+02 8.999567972735557930e+01 8.323750389146040618e+01 2.152019216441206027e+03 1.163077683351609494e+03 -7.809999999999999432e+01 1.291451790770714171e+06 6.445454890523378708e+02 2.580578420751394333e+03
4.000000000000000000e+00 1.076585665144594799e+02 4.897280622918164283e+01 7.824106909154586731e+00 6.343481203654298497e+02 9.031179304436736288e+01 8.250321936181863691e+01 1.605625785346139992e+03 1.768379924335122723e+03 -7.809999999999999432e+01 1.153543561236944515e+06 1.124036787930476294e+03 3.240177694788995268e+03
5.000000000000000000e+00 1.076584671970911415e+02 4.895538165695892019e+01 1.839621861873117048e+00 6.104996624148391220e+02 9.003930209756423153e+01 8.313337424519797025e+01 1.277411298941847008e+03 1.835360598319034125e+03 -7.809999999999999432e+01 2.222127103460968938e+06 1.122009192368683216e+03 3.575804065578205609e+03
6.000000000000000000e+00 1.076192557761185356e+02 4.895212864331585223e+01 4.526616381039952230e+00 6.059580842513762491e+02 9.027370609236618293e+01 8.262790817993601422e+01 1.114669169802449005e+03 1.363127783330099646e+03 -7.809999999999999432e+01 8.076313211251646280e+05 6.259923922238704108e+02 3.636483292968971000e+03
7.000000000000000000e+00 1.076377869626347490e+02 4.894439810650440847e+01 1.395511722078106764e+01 6.917903106978789083e+02 8.987386443427531901e+01 8.315068790027576995e+01 1.016052584537051075e+03 1.622472625859740674e+03 -7.809999999999999432e+01 2.002346211679925211e+06 8.599568117816746735e+02 3.786355744510353816e+03
8.000000000000000000e+00 1.076579814737650480e+02 4.894194314706224702e+01 1.407600527664813406e+01 6.966320968165913428e+02 9.024403341122261679e+01 8.225317760181022209e+01 1.021279826065444695e+03 1.882497173972669543e+03 -7.809999999999999432e+01 2.084235137435502373e+06 1.115269907426952841e+03 3.834632720449685621e+03
