# id ra dec s L A b x y a flux x_0 y_0
0.000000000000000000e+00 1.230795822863492930e+02 -2.830810805731779212e+01 3.900846987988342729e+00 3.603116468294251149e+02 8.846125580573072966e+01 3.258618542729173555e+02 4.193593851541999356e+03 6.996043240808319297e+02 -8.940000000000000568e+01 3.721024761961894110e+05 6.943914738367302562e+02 4.579982887019393161e+02
1.000000000000000000e+00 1.230796487209872652e+02 -2.830810600865583027e+01 3.316073299567886767e+00 3.649999810134154927e+02 9.000109961883457288e+01 3.048232905653172224e+02 4.193051862253877516e+03 6.980347264477209137e+02 -8.940000000000000568e+01 1.387456079528634436e+05 6.932504006698245576e+02 4.580175848538090122e+02
2.000000000000000000e+00 1.230796271718168953e+02 -2.830812288583778269e+01 3.804974100018737371e+00 3.606586892887772251e+02 8.849046427747957466e+01 3.260135288245949141e+02 4.193606605072164712e+03 6.992953374877563419e+02 -8.940000000000000568e+01 3.677496982926419005e+05 6.936223114939820107e+02 4.576951184883167230e+02
3.000000000000000000e+00 1.230701213050724618e+02 -2.830798336428765083e+01 4.363643723916953654e+00 3.649999795613136371e+02 8.995603455621511557e+01 3.051526916412863102e+02 4.190076408862805692e+03 8.619442407157700927e+02 -8.940000000000000568e+01 1.852147408674075268e+05 8.568463096893298143e+02 4.633661140015302635e+02
4.000000000000000000e+00 1.230513056435364945e+02 -2.829964744340591309e+01 4.428352992327347692e+00 3.654245735338259351e+02 8.854231019522313773e+01 3.246070048486556061e+02 4.024158779015605433e+03 1.185830684672161624e+03 -8.940000000000000568e+01 7.846060946664787829e+06 1.179076893901364656e+03 6.317484550565382051e+02
5.000000000000000000e+00 1.230489647278641456e+02 -2.829952591743522206e+01 3.671379921172263305e+00 3.649999760072644790e+02 8.998593865876932796e+01 3.059545364893356236e+02 4.022090233558556520e+03 1.226744870416397134e+03 -8.940000000000000568e+01 1.887651696236333810e+05 1.219266357984018669e+03 6.348368565761647915e+02
6.000000000000000000e+00 1.230513260139125009e+02 -2.829956924303792576e+01 4.422645947782346099e+00 3.653973032175496769e+02 8.851286539166544287e+01 3.249771285023928158e+02 4.023604392633064890e+03 1.185721624304449506e+03 -8.940000000000000568e+01 7.832526014686238952e+06 1.178718801007659977e+03 6.332673981988343712e+02
7.000000000000000000e+00 1.230895387909234842e+02 -2.829274531034464601e+01 3.293525765634949920e+00 3.649999764342870776e+02 8.996713697666513099e+01 3.054736479963899569e+02 3.895140992587751953e+03 5.298422094575835217e+02 -8.940000000000000568e+01 2.859567335325265303e+05 5.216978544587360602e+02 7.545250557598831165e+02
8.000000000000000000e+00 1.230778583699945443e+02 -2.829105377695215040e+01 4.805100602207142302e+00 3.651735164336543562e+02 8.847213905932063938e+01 3.254736415797941049e+02 3.860069361922468488e+03 7.308176454461782896e+02 -8.940000000000000568e+01 5.830994977011708543e+05 7.221226150688515872e+02 7.911554531404420914e+02
9.000000000000000000e+00 1.230725036277321323e+02 -2.829094477742036773e+01 4.018608298319016114e+00 3.649999663018775209e+02 8.995329309004193874e+01 3.050170098753435468e+02 3.857094129791435535e+03 8.224251652528422483e+02 -8.940000000000000568e+01 2.805832186239319853e+05 8.140793910997766716e+02 7.949432707179270210e+02
1.000000000000000000e+01 1.230778368179827424e+02 -2.829106750348586985e+01 4.781617038090812066e+00 3.654255067522730656e+02 8.849927662594086542e+01 3.252532479968010648e+02 3.860501227374591053e+03 7.311123131113006366e+02 -8.940000000000000568e+01 5.815544137980034575e+05 7.224942822051490339e+02 7.908944330047406766e+02
1.100000000000000000e+01 1.230681852565359264e+02 -2.829092541852628528e+01 4.390831887141461998e+00 3.649999683314762251e+02 8.989362482138908206e+01 3.053470057386999201e+02 3.857052708407031332e+03 8.968185292170358025e+02 -8.940000000000000568e+01 2.999664475370575674e+05 8.882460940362421979e+02 7.966581469050704527e+02
1.200000000000000000e+01 1.230573132996725576e+02 -2.828579802546473942e+01 4.457560928972337244e+00 3.651960709331374915e+02 8.861215917217788274e+01 3.178539209331356119e+02 3.754219463611035280e+03 1.084523859279831640e+03 -8.940000000000000568e+01 6.685926521775883436e+07 1.074427356567605784e+03 9.000160105372979160e+02
1.300000000000000000e+01 1.230515234493025361e+02 -2.828553113794647089e+01 3.619293768121563115e+00 3.649999593243093159e+02 8.995379298841916693e+01 3.067899709820196676e+02 3.749268777682664677e+03 1.184237103080911993e+03 -8.940000000000000568e+01 7.928063047778671607e+05 1.173845316059342395e+03 9.070011866922941408e+02
1.400000000000000000e+01 1.230287633224939583e+02 -2.828863296009685513e+01 4.151764607557555387e+00 3.624879846586789540e+02 8.859426268916608649e+01 3.252616163060565100e+02 3.806564269223075826e+03 1.574538338264810591e+03 -8.940000000000000568e+01 4.907840116828652099e+05 1.565088326420466274e+03 8.534550559865747346e+02
1.500000000000000000e+01 1.230287971391562820e+02 -2.828852739891704005e+01 4.408365854493811575e+00 3.649999844266117748e+02 9.002522821561636590e+01 3.066218132613936405e+02 3.804962932536398057e+03 1.573839732641530418e+03 -8.940000000000000568e+01 1.521303254779567942e+05 1.564496742789377095e+03 8.555036117345634921e+02
1.600000000000000000e+01 1.230288223028255317e+02 -2.828849701239836989e+01 4.081745422328948436e+00 3.624137298024953679e+02 8.852735528909090590e+01 3.263765321269639230e+02 3.804454319343089992e+03 1.573348253517033754e+03 -8.940000000000000568e+01 4.786636358308056369e+05 1.564061446052457313e+03 8.560886156155117988e+02
1.700000000000000000e+01 1.230710453513530069e+02 -2.828718533701512072e+01 3.327035500385428612e+00 3.649999283574676952e+02 8.991784058583054673e+01 3.251291479303679353e+02 3.783909719344132554e+03 8.481368643110384937e+02 -8.940000000000000568e+01 4.573387230542325415e+05 8.387167956492426129e+02 8.687178936352174787e+02
1.800000000000000000e+01 1.230573368724335808e+02 -2.828572668015352676e+01 4.454175836993727877e+00 3.651704113087591281e+02 8.858798827871196124e+01 3.182147872959696997e+02 3.753719154616960168e+03 1.084124894696976526e+03 -8.940000000000000568e+01 6.678749670942673087e+07 1.074014870101559154e+03 9.014002458219360960e+02
1.900000000000000000e+01 1.230385228789181014e+02 -2.828545214676162445e+01 3.655497134562125439e+00 3.649999318937120734e+02 8.991141233283812539e+01 3.064856100538326587e+02 3.746121940893802730e+03 1.407438235776024385e+03 -8.940000000000000568e+01 3.328035937273493037e+05 1.397134371202208058e+03 9.125210517839481099e+02
2.000000000000000000e+01 1.230317039564643977e+02 -2.828550300025446163e+01 4.168204811168387813e+00 3.582198866209809012e+02 8.868135305310742922e+01 3.245970779509089539e+02 3.745501152623317012e+03 1.523747055843935868e+03 -8.940000000000000568e+01 4.508911662726397626e+05 1.514260971696263141e+03 9.136067756929680854e+02
2.100000000000000000e+01 1.230315926171468988e+02 -2.828573335070494466e+01 4.397649501721468290e+00 3.602903538108322437e+02 8.886685613274705986e+01 3.218818414730477002e+02 3.750424510416229168e+03 1.526496791839667139e+03 -8.940000000000000568e+01 4.868618160542584956e+05 1.516196927669551314e+03 9.091479725626029449e+02
2.200000000000000000e+01 1.230738444648609260e+02 -2.828154276711243398e+01 3.305957930270557732e+00 3.649999723021364844e+02 9.001304974182527019e+01 3.102129128117460937e+02 3.674089542796336445e+03 8.009927818910872475e+02 -8.940000000000000568e+01 1.604893129615825601e+05 7.900238047248715247e+02 9.779006660446534624e+02
2.300000000000000000e+01 1.230193813543552039e+02 -2.828184362429068699e+01 3.927799326142369818e+00 3.639549677904248028e+02 8.853815474563789678e+01 3.262355096360487892e+02 3.673629526474579507e+03 1.736602876214184562e+03 -8.940000000000000568e+01 3.743720603590267710e+05 1.725544936160283441e+03 9.887155131623172792e+02
2.400000000000000000e+01 1.230778671371293314e+02 -2.828161352876936618e+01 3.655942019223803463e+00 3.649999789306402818e+02 9.000643436974144151e+01 3.058188713401108885e+02 3.676130610421843812e+03 7.320160240929205884e+02 -8.940000000000000568e+01 1.890195596338263713e+05 7.209353698321481261e+02 9.752716547850327515e+02
2.500000000000000000e+01 1.230589734823448964e+02 -2.827757723070927298e+01 4.694393278428561800e+00 3.668354549074077795e+02 8.856555415561575728e+01 3.236128182791978247e+02 3.594663144327532791e+03 1.057038971946911715e+03 -8.940000000000000568e+01 2.543088862665605173e+07 1.045034071344505492e+03 1.059839819990944761e+03
2.600000000000000000e+01 1.230688509064746370e+02 -2.828141420508637438e+01 3.669955469674228699e+00 3.649999760466744760e+02 9.000102583601308481e+01 3.061531841606491184e+02 3.671042806684450625e+03 8.864022700381904087e+02 -8.940000000000000568e+01 1.688485430695009418e+05 8.757826127482065885e+02 9.819552208784074310e+02
2.700000000000000000e+01 1.230589677131607544e+02 -2.827758158679227662e+01 4.694656704040075290e+00 3.668405209275466632e+02 8.857096669099880160e+01 3.236127755551258360e+02 3.594661001733221838e+03 1.056919100141524495e+03 -8.940000000000000568e+01 2.543240913652512804e+07 1.045133635425418788e+03 1.059756638110638278e+03
2.800000000000000000e+01 1.230433238786338421e+02 -2.827416924157034117e+01 5.170854433265630767e+00 3.651273870068637279e+02 9.006499565746497638e+01 3.027690981149256686e+02 3.526850412141448487e+03 1.326004894964702544e+03 -8.940000000000000568e+01 3.909563080535484478e+05 1.313495562358626557e+03 1.131111557037618923e+03
2.900000000000000000e+01 1.230340224458053626e+02 -2.827391639470404883e+01 4.451339658292753576e+00 3.648854770367121318e+02 8.844661836287504286e+01 3.250557445336691558e+02 3.520934201820111412e+03 1.485237956733532428e+03 -8.940000000000000568e+01 1.923678773189270124e+07 1.473247182263363129e+03 1.138881652206521267e+03
3.000000000000000000e+01 1.230349769217296796e+02 -2.827400170015665282e+01 5.574894250029712950e+00 3.651292119951385189e+02 9.008604106964004643e+01 3.046805053779139598e+02 3.522277052569289481e+03 1.469398313476635394e+03 -8.940000000000000568e+01 4.501410023119687103e+05 1.456860200180454513e+03 1.136927163339764775e+03
3.100000000000000000e+01 1.230361633153942336e+02 -2.827694522141083766e+01 3.377678044901731624e+00 3.649999515168061066e+02 8.994645559939708335e+01 3.271805072028907944e+02 3.579925090589335468e+03 1.448134169104537477e+03 -8.940000000000000568e+01 5.195386394206876867e+05 1.436784335225095674e+03 1.079156422118373484e+03
3.200000000000000000e+01 1.230338855536338798e+02 -2.827410789347264952e+01 4.437315257558858583e+00 3.649165053266086716e+02 8.856490764785417014e+01 3.232729561744596367e+02 3.523776580848942103e+03 1.487774746741042009e+03 -8.940000000000000568e+01 1.915765530598530546e+07 1.475618374298041999e+03 1.135188428484364067e+03
3.300000000000000000e+01 1.230414572946531280e+02 -2.827702077674836545e+01 3.321952013962987671e+00 3.649999417492976477e+02 8.994873818351895522e+01 3.061480275651401826e+02 3.581900321936071123e+03 1.357191291675266939e+03 -8.940000000000000568e+01 3.224547861802624539e+05 1.345855913650506864e+03 1.076067073370126991e+03
3.400000000000000000e+01 1.230122604139791207e+02 -2.826740972738456747e+01 4.141330688791794223e+00 3.650872889930517999e+02 8.863337648875686625e+01 3.251117499338453172e+02 3.390406496416645950e+03 1.859764208217527994e+03 -8.940000000000000568e+01 4.880876609179638326e+05 1.846422956241074871e+03 1.272378352665573857e+03
3.500000000000000000e+01 1.230621290320424208e+02 -2.826244785592812647e+01 3.345734637672186818e+00 3.649999769115414097e+02 9.001410406209085124e+01 3.070932116265514082e+02 3.300026007453720013e+03 1.004034544012383890e+03 -8.940000000000000568e+01 1.260624417269909754e+05 9.892067893842521471e+02 1.353943252942157187e+03
3.600000000000000000e+01 1.230566105417338605e+02 -2.826230246161231818e+01 4.548135639483604109e+00 3.659087123674186728e+02 8.850212508473299522e+01 3.261626823131767310e+02 3.297058090209760394e+03 1.098821727348708464e+03 -8.940000000000000568e+01 1.170529914337258320e+06 1.083997175659263348e+03 1.358479385585123282e+03
3.700000000000000000e+01 1.230545282098290159e+02 -2.826369893389728816e+01 5.686630534506073253e+00 3.694621375703662238e+02 9.003492789885468994e+01 3.052269126244096924e+02 3.323814922511588520e+03 1.134449812978572936e+03 -8.940000000000000568e+01 1.506072764228406362e+06 1.119919148642433129e+03 1.331883799115552847e+03
3.800000000000000000e+01 1.230582340219788762e+02 -2.825697223241088807e+01 4.819901283646286672e+00 3.652841135058944246e+02 8.847580553281923699e+01 3.261335869734553512e+02 3.193707127376754215e+03 1.070813976746464732e+03 -8.940000000000000568e+01 2.923730593603633810e+06 1.055537598839640168e+03 1.461937620102972687e+03
3.900000000000000000e+01 1.230519385430942805e+02 -2.825691263739250658e+01 3.334246799099967795e+00 3.649999863414322476e+02 8.999876546712738445e+01 3.050200711431399441e+02 3.191025914761973127e+03 1.179842485556493102e+03 -8.940000000000000568e+01 1.454026478269081563e+05 1.163690963444996669e+03 1.465035970198327959e+03
4.000000000000000000e+01 1.230130104573985648e+02 -2.825863165548568290e+01 4.148619568880523190e+00 3.638739366871715788e+02 8.855511670754111719e+01 3.258619589810410844e+02 3.218902076469598342e+03 1.847673525607556030e+03 -8.940000000000000568e+01 4.020712742068408988e+05 1.832664726697168817e+03 1.443355591090142525e+03
4.100000000000000000e+01 1.230668793346549421e+02 -2.824917108205925231e+01 4.033508994757132982e+00 3.649999681035957337e+02 8.992800886497988699e+01 3.061519560369546298e+02 3.041935952305988394e+03 9.236738350214476441e+02 -8.940000000000000568e+01 3.086894085950921290e+05 9.061632962324065375e+02 1.611419080813908749e+03
