# id ra dec s L A b x y a flux x_0 y_0
0.000000000000000000e+00 1.219310727329455233e+02 -2.761841754783061376e+01 2.179557972807812494e+00 3.631912343948185367e+02 8.900541146595321607e+01 2.167796173561796138e+02 4.161216614761474375e+03 1.149499585730195577e+03 -8.940000000000000568e+01 1.884664365841941908e+05 1.143690160017117705e+03 4.942187140443355702e+02
1.000000000000000000e+00 1.218920620483246324e+02 -2.765500685348048648e+01 4.047983443440394957e+00 3.631756889441782619e+02 9.002963397199712858e+01 2.069023341937695761e+02 3.451828497313974367e+03 4.862616910268841366e+02 -8.940000000000000568e+01 7.448075639018421993e+06 4.731024210123251237e+02 1.197538779524251595e+03
2.000000000000000000e+00 1.219342481741069122e+02 -2.765558629697280324e+01 2.989996808094259162e+00 3.601099175046679193e+02 8.904066556749734218e+01 2.170466010906870906e+02 3.443659607870200489e+03 1.211973085483497471e+03 -8.940000000000000568e+01 9.582671771529107355e+05 1.198453373824324217e+03 1.212341695807119777e+03
3.000000000000000000e+00 1.218902596173907256e+02 -2.765630569790419813e+01 3.627285970705139917e+00 3.629098486016944776e+02 8.999542129385530131e+01 2.076463764650849839e+02 3.425783612639278545e+03 4.555817214007145139e+02 -8.940000000000000568e+01 1.924135669695157325e+06 4.421254355091150501e+02 1.222474693364132918e+03
4.000000000000000000e+00 1.218899660710774100e+02 -2.765795695944741084e+01 1.978808636662229947e+00 3.647503628815039178e+02 8.908991721861086432e+01 2.167839375330499365e+02 3.394415463839262884e+03 4.506421269080282741e+02 -8.940000000000000568e+01 1.496881156529018190e+05 4.370963090625376140e+02 1.254341521734804473e+03
5.000000000000000000e+00 1.219047710748695579e+02 -2.765999782733450729e+01 2.801050248976372448e+00 3.623181074876520711e+02 8.974107258397364717e+01 2.082505614583786837e+02 3.356088525750930330e+03 7.054887911528650193e+02 -8.940000000000000568e+01 4.008964672496842686e+05 6.916650744648093223e+02 1.294992129895559628e+03
6.000000000000000000e+00 1.219255796129125713e+02 -2.766355994987506151e+01 3.683947554599646512e+00 3.623576006033007957e+02 8.926414501504187626e+01 2.138236007035177408e+02 3.289613858240412810e+03 1.063782314072754616e+03 -8.940000000000000568e+01 5.859466611958591267e+06 1.049449640045654860e+03 1.365574749678998842e+03
7.000000000000000000e+00 1.219022893675206376e+02 -2.766382554969590402e+01 3.577959255384859372e+00 3.646856749867504277e+02 8.980327777519593724e+01 2.095485480672548420e+02 3.281827061412589046e+03 6.638304600463870884e+02 -8.940000000000000568e+01 3.326286218930847477e+06 6.490308915443132491e+02 1.368708108670326737e+03
8.000000000000000000e+00 1.219029289079839060e+02 -2.767056716905007718e+01 2.417459311481391815e+00 3.651947446092810310e+02 8.785952063811531332e+01 2.174271366785432349e+02 3.151514600237891500e+03 6.761994073221651433e+02 -8.940000000000000568e+01 4.980118309755537193e+05 6.600862482863012701e+02 1.498963307748097805e+03
9.000000000000000000e+00 1.219356993660272366e+02 -2.767247249736857029e+01 3.749191606137807664e+00 3.624071634954869410e+02 9.117372491171578019e+01 1.969249678700523134e+02 3.118777742976685204e+03 1.239502706544988314e+03 -8.940000000000000568e+01 9.252945418507073075e+06 1.223467613732578684e+03 1.538593462861570060e+03
1.000000000000000000e+01 1.219331055831376034e+02 -2.767466881941875911e+01 3.583079293908210783e+00 3.612875021552951580e+02 8.786399063953331279e+01 2.162313226124821028e+02 3.075740659954533385e+03 1.195667993415665023e+03 -8.940000000000000568e+01 8.648730493271406740e+06 1.178886470347953491e+03 1.580781384449552661e+03
1.100000000000000000e+01 1.218868247911960054e+02 -2.767269826666300858e+01 2.814873912548869317e+00 3.577500075880500390e+02 9.120446301108076170e+01 1.978097209225101381e+02 3.109440632074848963e+03 4.000316547259064919e+02 -8.940000000000000568e+01 4.402203700531302020e+05 3.832549973345464309e+02 1.538783981416353981e+03
1.200000000000000000e+01 1.219472665568515879e+02 -2.767845157303193560e+01 2.417256975526273166e+00 3.647797448224328036e+02 8.792597691027532392e+01 2.167337230566861876e+02 3.003707548036335993e+03 1.440256367041921521e+03 -8.940000000000000568e+01 4.742076630936067086e+05 1.422332307820359574e+03 1.655102352676954752e+03
1.300000000000000000e+01 1.219096390319990775e+02 -2.768174489314558429e+01 3.411565231961282585e+00 3.617906905946657616e+02 9.115096995542103286e+01 1.982531679506795967e+02 2.937126568232122736e+03 7.936068596279750409e+02 -8.940000000000000568e+01 1.604807188829087419e+06 7.755313681892147315e+02 1.715407013846011523e+03
1.400000000000000000e+01 1.219065890570368538e+02 -2.768259302415607337e+01 3.043836447104572684e+00 3.600851999954177813e+02 8.792950961222359751e+01 2.171420033458072680e+02 2.920460146248217370e+03 7.416321613337615872e+02 -8.940000000000000568e+01 1.328901713371512713e+06 7.231099739085907459e+02 1.731528190580881756e+03
1.500000000000000000e+01 1.219401053220964570e+02 -2.768610173038205957e+01 3.350592687503135103e+00 3.651397146177354216e+02 9.111502964472929023e+01 1.982906631394123735e+02 2.855861284167520807e+03 1.318877437369771087e+03 -8.940000000000000568e+01 1.209690578754161485e+06 1.299252239105590888e+03 1.802206417156422958e+03
1.600000000000000000e+01 1.219366470930602446e+02 -2.768845727175133931e+01 2.871711321426428487e+00 3.647693504194731986e+02 8.794695119876811873e+01 2.175299798766084223e+02 2.809390442965629063e+03 1.259795914005607756e+03 -8.940000000000000568e+01 9.351277601808712352e+05 1.239817076873807082e+03 1.847390948252245835e+03
1.700000000000000000e+01 1.218882197428967089e+02 -2.768611771095818241e+01 2.998073567649593318e+00 3.650000382430352488e+02 9.000617312686058824e+01 1.984899939660365931e+02 2.849930630140109770e+03 4.264636785183001280e+02 -8.940000000000000568e+01 3.848425031468970701e+03 4.073866021769291024e+02 1.798069324737503848e+03
1.800000000000000000e+01 1.219175117582700949e+02 -2.769276852478046180e+01 1.812970378113700098e+00 3.649728117560721898e+02 8.916367408042657416e+01 2.168872179566795353e+02 2.724934307654600161e+03 9.318386065005385035e+02 -8.940000000000000568e+01 1.279406131701768609e+05 9.109344114698448038e+02 1.928980410905367535e+03
