# id ra dec s L A b x y a flux x_0 y_0
0.000000000000000000e+00 1.550403247875722741e+02 5.553385367927977434e+00 2.326641456767791105e+00 1.434989528578158797e+02 8.999067977788416783e+01 1.462250087692342220e+02 6.595468070662801665e+02 5.907291468488494957e+02 8.109999999999999432e+01 5.021824552779922378e+05 1.579502697950703805e+03 4.199338699465697573e+02
1.000000000000000000e+00 1.550756172592300004e+02 5.575714873540318806e+00 4.724537087523933643e+00 1.496247758042044893e+02 9.000346317393132267e+01 1.463708193052982267e+02 9.791233408881287232e+02 1.326012092330690166e+03 8.109999999999999432e+01 3.835863156512043206e+05 9.029071572505712311e+02 8.494929213090495068e+02
2.000000000000000000e+00 1.550578769359146634e+02 5.579330368610163404e+00 2.040300834721056944e+00 1.423902107362950176e+02 9.007887260101085758e+01 1.471536595144066553e+02 1.100827643719688922e+03 1.000654770203620728e+03 8.109999999999999432e+01 1.299031221762264613e+06 1.242824033534119735e+03 9.192972479648037734e+02
3.000000000000000000e+00 1.550390341127645399e+02 5.595524046182310585e+00 5.977343526103226168e+00 1.545782094481382671e+02 9.001659641798195821e+01 1.468483614834680395e+02 1.465393897099806509e+03 6.931201627511150036e+02 8.109999999999999432e+01 4.005925072144732112e+05 1.603706305718151270e+03 1.231311434040157792e+03
4.000000000000000000e+00 1.550199870391029719e+02 5.613848318449085717e+00 2.008210597052709989e+00 1.425316544157748808e+02 9.003954630315423913e+01 1.471189711657895600e+02 1.870481357144649792e+03 3.869517622974656206e+02 8.109999999999999432e+01 1.019534656554326182e+06 1.968454058957386678e+03 1.584362989334334998e+03
5.000000000000000000e+00 1.550234089427326296e+02 5.618718983007091161e+00 1.915759689128986532e+00 1.421323890258044855e+02 9.002531794679275379e+01 1.468303068391099373e+02 1.952757439920924526e+03 4.663044653189758151e+02 8.109999999999999432e+01 3.209043192835634109e+06 1.902819627358310754e+03 1.678102838445938687e+03
6.000000000000000000e+00 1.550594597089308024e+02 5.626953820597881517e+00 1.960772307547828275e+00 1.419081692083572648e+02 9.002323673742816368e+01 1.470047526299254343e+02 2.001694622024345790e+03 1.172975407005346369e+03 8.109999999999999432e+01 1.893929258024181006e+06 1.211927661328341173e+03 1.836240575358587421e+03
7.000000000000000000e+00 1.550530055665265650e+02 5.629244817800275413e+00 2.218159841253060094e+00 1.427502480843750448e+02 9.003288790418838516e+01 1.470936049412026705e+02 2.064744039671827977e+03 1.058169930035084235e+03 8.109999999999999432e+01 6.584844493514708010e+05 1.335570040376434235e+03 1.880423939299741733e+03
8.000000000000000000e+00 1.550279344344413914e+02 5.663860779226075337e+00 2.205758009578656420e+00 1.427146310899784964e+02 9.002330741911299583e+01 1.470617063430031521e+02 2.797659730558470983e+03 6.869794130290880503e+02 8.109999999999999432e+01 6.886727746170449536e+05 1.815516760467251970e+03 2.547220473241733544e+03
9.000000000000000000e+00 1.551148779362614221e+02 5.666130133672377944e+00 4.942959152673897627e+00 1.512235485780937836e+02 8.998949501342364954e+01 1.471158662040790830e+02 2.582509469500311297e+03 2.340385914461593529e+03 8.109999999999999432e+01 3.959716300856452435e+05 1.496570201304576244e+02 2.589983944574109501e+03
1.000000000000000000e+01 1.550660709865398417e+02 5.670658697670183379e+00 2.655799034531465264e+00 1.434663742836986842e+02 9.006553286529984348e+01 1.472632778099359996e+02 2.813617762203423808e+03 1.428996280856847306e+03 8.109999999999999432e+01 4.842419699160670280e+05 1.084737897494552726e+03 2.677669190677485403e+03
1.100000000000000000e+01 1.550760319083295542e+02 5.673790854047167542e+00 6.165870095792433503e+00 1.580297088009620836e+02 8.997595031274623523e+01 1.469324167218841524e+02 2.844064623432422650e+03 1.627602841701539091e+03 8.109999999999999432e+01 4.382908858080842765e+05 8.938537122999841813e+02 2.737868987059782285e+03
1.200000000000000000e+01 1.550670036845410777e+02 5.687501201890203362e+00 2.066307624808569887e+00 1.417824379861605166e+02 9.001687618742512598e+01 1.473120926140352083e+02 3.131522204289174624e+03 1.496896713140600696e+03 8.109999999999999432e+01 9.325350787929997314e+05 1.066672060850059097e+03 3.001945107278763771e+03
1.300000000000000000e+01 1.551062871133401018e+02 5.687647275076803233e+00 4.361496189495686515e+00 1.475207829164493205e+02 8.991226129730243599e+01 1.471755970231704964e+02 3.016940028950579290e+03 2.241726657983055702e+03 8.109999999999999432e+01 3.773702870170156239e+05 3.140352851958247129e+02 3.004355188671577707e+03
1.400000000000000000e+01 1.551049537361256796e+02 5.688029330194355637e+00 3.990649401683125319e+00 1.469784876721404601e+02 8.999942281671528121e+01 1.476057548819406406e+02 3.028811993439327125e+03 2.218452425734542885e+03 8.109999999999999432e+01 3.429931279897231143e+05 3.395775785504883970e+02 3.011724069681268702e+03
1.500000000000000000e+01 1.550442417527299881e+02 5.698536264386680372e+00 2.006917204988318382e+00 1.420391655948137100e+02 8.997452564808286013e+01 1.471365365379677712e+02 3.409170329237126680e+03 1.099174390822835448e+03 8.109999999999999432e+01 1.540852188585634576e+06 1.502635895224206251e+03 3.214670947495485052e+03
1.600000000000000000e+01 1.550441781222480131e+02 5.698504407790195181e+00 1.982904104000924983e+00 1.419721872262406634e+02 8.999868567131569819e+01 1.472708937894412884e+02 3.408539687603701623e+03 1.097764760105930918e+03 8.109999999999999432e+01 1.517885448782060994e+06 1.503855379185306447e+03 3.214058323456836206e+03
1.700000000000000000e+01 1.551133132523523841e+02 5.707144958604466467e+00 1.915109220042834570e+00 1.411735537022318567e+02 8.995523001036309552e+01 1.470346324078794282e+02 3.367702943107132796e+03 2.433710887293955693e+03 8.109999999999999432e+01 2.965635737397265621e+06 1.792268647095114602e+02 3.379694539948996862e+03
1.800000000000000000e+01 1.550565853683460489e+02 5.714220941083421046e+00 4.658591173263010532e+00 1.435605185947464122e+02 8.991609649958708417e+01 1.380538666737230642e+02 3.670866057936184006e+03 1.379737024777258512e+03 8.109999999999999432e+01 1.219486257077015936e+08 1.265958539319633019e+03 3.516521235570326553e+03
1.900000000000000000e+01 1.550564214163967165e+02 5.714170245648977797e+00 4.662638493734931444e+00 1.435737334055866938e+02 8.995470938845819830e+01 1.382151080731146635e+02 3.670351563831813564e+03 1.377407471556176461e+03 8.109999999999999432e+01 1.221551012301904857e+08 1.269100182821450289e+03 3.515547001971424379e+03
2.000000000000000000e+01 1.550420525431776184e+02 5.722013842280651019e+00 2.006344743877766401e+00 1.416818852673341098e+02 9.002981336138446977e+01 1.473032855847212090e+02 3.862113526709293183e+03 1.128268445418361125e+03 8.109999999999999432e+01 1.835658157980151940e+06 1.544285411193263826e+03 3.666732784665721738e+03
2.100000000000000000e+01 1.550422303108364304e+02 5.722107739440818186e+00 1.982212466865515887e+00 1.416208775445277581e+02 8.995453734395715628e+01 1.469804348159189828e+02 3.863469698768675244e+03 1.132617204261443703e+03 8.109999999999999432e+01 1.809077177111256402e+06 1.540878556533110441e+03 3.668538576487320370e+03
2.200000000000000000e+01 1.550402722437475802e+02 5.727772001663086421e+00 2.548102237885694343e+00 1.437545144990313872e+02 9.009906664766941731e+01 1.477231194922807163e+02 3.976514136728022550e+03 1.111221200847524415e+03 8.109999999999999432e+01 4.799430331251473399e+05 1.578320196382961058e+03 3.777620874294232635e+03
2.300000000000000000e+01 1.550409218630925920e+02 5.728056928718058494e+00 2.492257607078308013e+00 1.434471450440013029e+02 8.989278209677937070e+01 1.467854204773290405e+02 3.980031995106677186e+03 1.124097559168627640e+03 8.109999999999999432e+01 4.713470241039090906e+05 1.565871311688193600e+03 3.783099129675043059e+03
2.400000000000000000e+01 1.550420566329558199e+02 5.725818368676566905e+00 2.246075398764335151e+00 1.386462207852902964e+02 9.006961657832023604e+01 1.477138458440645081e+02 3.934756754414222087e+03 1.139656479982341352e+03 8.109999999999999432e+01 5.994747406725359615e+05 1.544159533231349997e+03 3.739984719685732216e+03
2.500000000000000000e+01 1.550965034524307384e+02 5.753386038383987433e+00 2.803974436103263912e+00 1.435021901186219679e+02 9.008007272935479648e+01 1.481024722489953831e+02 4.297227769902007822e+03 2.253510433334241043e+03 8.109999999999999432e+01 4.620807943147807964e+05 5.007861182511822449e+02 4.270172661222625720e+03
2.600000000000000000e+01 1.550426338671105384e+02 5.726123494679530523e+00 2.211325830907804768e+00 1.385060306115593960e+02 8.988175426768671628e+01 1.468283865261832659e+02 3.938094563044576716e+03 1.151506960125723708e+03 8.109999999999999432e+01 5.898552884015287273e+05 1.533097123196543180e+03 3.745852778336975007e+03
