# id ra dec s L A b x y a flux x_0 y_0
0.000000000000000000e+00 4.862359432465491693e+01 1.858405639452317359e+01 5.080672670014324765e+00 2.597479202427702489e+02 8.991587800721475787e+01 1.828944231649338974e+02 1.501138681315308304e+03 1.367768519276423831e+03 6.370000000000000284e+01 6.796392275382518768e+06 1.136096320306183998e+03 1.112567515814258968e+03
1.000000000000000000e+00 4.862979828023358664e+01 1.857748420443663306e+01 4.214148728917279207e+00 2.571770826895639175e+02 8.998644276106625739e+01 1.822302077262675937e+02 1.665966599793187015e+03 1.322309815919376661e+03 6.370000000000000284e+01 2.516702877950200066e+07 1.249852513075961724e+03 1.239685873290181462e+03
2.000000000000000000e+00 4.863864673823901796e+01 1.857020540876216330e+01 5.809210151391783761e+00 2.634609474671616454e+02 8.988198341984947604e+01 1.830323921297053857e+02 1.863929397007603029e+03 1.238637191021896115e+03 6.370000000000000284e+01 5.079140914236268029e+06 1.412317564694331395e+03 1.380494717478418806e+03
3.000000000000000000e+00 4.864845949277925996e+01 1.849356962581388331e+01 6.453114858620488725e+00 2.641776745345086397e+02 8.991129804704900153e+01 1.832989364681786526e+02 3.268244789493387088e+03 1.740334858242881637e+03 6.370000000000000284e+01 5.428207275312291458e+06 1.585913223013526476e+03 2.861805177545327297e+03
4.000000000000000000e+00 4.863450917578841626e+01 1.846116809374638379e+01 5.783639337106099454e+00 2.624330523865941132e+02 8.984407792210360810e+01 1.832003977611049663e+02 3.714857402420587732e+03 2.251624171653890699e+03 6.370000000000000284e+01 5.521200077839706093e+06 1.325369208189358005e+03 3.487848443840895015e+03
5.000000000000000000e+00 4.859599077523025557e+01 1.844149026097986521e+01 6.355977551960957150e+00 2.640195331789128090e+02 8.988160963090510336e+01 1.833971613319751270e+02 3.739498339468878385e+03 3.058418576798285358e+03 6.370000000000000284e+01 5.337680495021736249e+06 6.125812627253837945e+02 3.867526284234338164e+03
6.000000000000000000e+00 4.858480991501937751e+01 1.843250288544111370e+01 4.117511786920498906e+00 2.576635210426286449e+02 8.985073285880140759e+01 1.769773038220502883e+02 3.802801965263040984e+03 3.321481073855032719e+03 6.370000000000000284e+01 1.340923213457608670e+08 4.053117708032864357e+02 4.041012703489657724e+03
7.000000000000000000e+00 4.858136731040621470e+01 1.844278667188898879e+01 5.791148226213267414e+00 2.673073131542626584e+02 9.005618582895762358e+01 1.835424447969304822e+02 3.597133826829672216e+03 3.289783539370301241e+03 6.370000000000000284e+01 2.332386148812428117e+06 3.428374280569489656e+02 3.842186800937687167e+03
8.000000000000000000e+00 4.858536992488317452e+01 1.843250304612283585e+01 4.118021914078147994e+00 2.576790512202231298e+02 9.003559503063377178e+01 1.773928299740623231e+02 3.807667308899887303e+03 3.312412783010463045e+03 6.370000000000000284e+01 1.341189330871955305e+08 4.156473655562656404e+02 4.041020667890567893e+03
