# id ra dec s L A b x y a flux x_0 y_0
0.000000000000000000e+00 4.827638757146063142e+01 1.797441764300855738e+01 9.331919713201479283e+00 2.819130492940907402e+02 8.998599238322293559e+01 1.359772903382681761e+02 8.118974588034070621e+02 1.565544465021603173e+03 6.370000000000000284e+01 2.460538325917008799e+06 6.537812293511788084e+02 5.816135839256635336e+02
1.000000000000000000e+00 4.826954352258816527e+01 1.797229088254854545e+01 5.466693546355789302e+00 2.656018168967988231e+02 9.004279093264889866e+01 1.365626585343021304e+02 8.309546024116808667e+02 1.433852445899928853e+03 6.370000000000000284e+01 1.190342978070699610e+06 7.797968905188910185e+02 5.411701205955400837e+02
2.000000000000000000e+00 4.828317083245224950e+01 1.799071493664226651e+01 4.043950614747084060e+00 2.564051794140858078e+02 9.024304834956249977e+01 1.363614210741753823e+02 1.039059061816976055e+03 1.818514827755588158e+03 6.370000000000000284e+01 2.677228559537755791e+06 5.272713374258812564e+02 8.980317830506086239e+02
3.000000000000000000e+00 4.824904032030452328e+01 1.800242991746697996e+01 3.366191044235482988e+00 2.543286749288235171e+02 9.001619987521515043e+01 1.358804115065562712e+02 1.524863053721826873e+03 1.360653920759368930e+03 6.370000000000000284e+01 4.616737287500881590e+06 1.153037001879411491e+03 1.131051153112380234e+03
4.000000000000000000e+00 4.827505919786631239e+01 1.802204767942842167e+01 6.633654793868821287e+00 2.648309533444198109e+02 9.015716968797855202e+01 1.364004627032540213e+02 1.651290975322429858e+03 1.960073354225137336e+03 6.370000000000000284e+01 2.212120905833513476e+06 6.727248300637116927e+02 1.509360659312299049e+03
5.000000000000000000e+00 4.826373932403021882e+01 1.802446991001561827e+01 9.514472262230603050e+00 2.807239132013766607e+02 9.003530484996521466e+01 1.361655845597223333e+02 1.787461279922329368e+03 1.794905376939465441e+03 6.370000000000000284e+01 2.670380218197134323e+06 8.804069949547225633e+02 1.558145637576493982e+03
6.000000000000000000e+00 4.827377385872659232e+01 1.803501174389507256e+01 3.120760693604727631e+00 2.525372366540042037e+02 9.017205335600596072e+01 1.359801672993000921e+02 1.887539035975715478e+03 2.052030719574144314e+03 6.370000000000000284e+01 1.040065749539721757e+07 6.948485601909685556e+02 1.762006484420875267e+03
7.000000000000000000e+00 4.829020897817164126e+01 1.803762902264578472e+01 4.293280882792857689e+00 2.563660045187284027e+02 9.002438123679539217e+01 1.360928238576833564e+02 1.797337444918427536e+03 2.345590443856121510e+03 6.370000000000000284e+01 2.667195868271420244e+06 3.926370176334958728e+02 1.810652737993242454e+03
8.000000000000000000e+00 4.826596579789515573e+01 1.803299829303720259e+01 6.662183437618682369e+00 2.713760427193622604e+02 8.991398879628077623e+01 1.364841689052215656e+02 1.917633697176189798e+03 1.906840470168100637e+03 6.370000000000000284e+01 1.650459204665217549e+06 8.385166742974602130e+02 1.723909440543401843e+03
9.000000000000000000e+00 4.827320568609770390e+01 1.803645276414136944e+01 6.782842685928633486e+00 2.710205462757259056e+02 9.009283664698455141e+01 1.366915572138539972e+02 1.917680641377370875e+03 2.055587428856043971e+03 6.370000000000000284e+01 1.748031710060650250e+06 7.051202673709458395e+02 1.790149753960285807e+03
1.000000000000000000e+01 4.827551203966715576e+01 1.805470686416226656e+01 6.242222791692032757e+00 2.555296658617320134e+02 9.015118203249802775e+01 1.205408871358990268e+02 2.216674565409148272e+03 2.252700754899090953e+03 6.370000000000000284e+01 3.033075452366750240e+08 6.606581608024272327e+02 2.145302302885422250e+03
1.100000000000000000e+01 4.823352153003477838e+01 1.805376493425596962e+01 7.758253822826311819e+00 2.700737367484179572e+02 9.004845519055021441e+01 1.361578418763762954e+02 2.547570519952618270e+03 1.554790045219264812e+03 6.370000000000000284e+01 2.411268159777641296e+06 1.432052658455260598e+03 2.133008481725301408e+03
1.200000000000000000e+01 4.829119817749589316e+01 1.807674187920145670e+01 3.078374570335586924e+00 2.520699720249549500e+02 9.006331011466288317e+01 1.358052969465279602e+02 2.470482127357357967e+03 2.702424322183316235e+03 6.370000000000000284e+01 1.051023391542843357e+07 3.700432627285570106e+02 2.572195914658987931e+03
1.300000000000000000e+01 4.826830006418907004e+01 1.807852724007373268e+01 3.051815869538613057e+00 2.519412464002940624e+02 9.015298541382585995e+01 1.357813697672278295e+02 2.691070394026686245e+03 2.342853460326615277e+03 6.370000000000000284e+01 1.335256034463373013e+07 7.903764671843400720e+02 2.610204151190348966e+03
1.400000000000000000e+01 4.828931356077730896e+01 1.808174067051402645e+01 3.215033439364279211e+00 2.525588500636181379e+02 9.003386768704596932e+01 1.359375078613075516e+02 2.572533442360295794e+03 2.715500935447472330e+03 6.370000000000000284e+01 6.536123641943722963e+06 4.040893575737798074e+02 2.669806375161162123e+03
1.500000000000000000e+01 4.829542314219170862e+01 1.808242315807092382e+01 1.214900147457801971e+01 2.947444764411904430e+02 8.999283636834793754e+01 1.364250101852427122e+02 2.534153583397368038e+03 2.820954840383689771e+03 6.370000000000000284e+01 3.157128154820837546e+06 2.918090689526620736e+02 2.682240207140404891e+03
1.600000000000000000e+01 4.827552367992420557e+01 1.809362413014586224e+01 3.296655869548194229e+00 2.527453721319106137e+02 9.018731772047803474e+01 1.363242811986433480e+02 2.894241029478873315e+03 2.592252316060326393e+03 6.370000000000000284e+01 4.889124951796635985e+06 6.559791112171508303e+02 2.903170277429755515e+03
1.700000000000000000e+01 4.824165119440900185e+01 1.810312940955175520e+01 8.757635341510873417e+00 2.755161831607182990e+02 8.992491613164121134e+01 1.361228431210234646e+02 3.339250077238869380e+03 2.120554011932684716e+03 6.370000000000000284e+01 2.485482607420120388e+06 1.276883857609817369e+03 3.093138342045287573e+03
1.800000000000000000e+01 4.824811546978727250e+01 1.811498404956171626e+01 2.950547489472774565e+00 2.514638022703924776e+02 9.020915223621739187e+01 1.346521291162299008e+02 3.492277234996561219e+03 2.330340719848455137e+03 6.370000000000000284e+01 4.238058288292229921e+07 1.156786586243416195e+03 3.323054748968045260e+03
