# id ra dec s L A b x y a flux x_0 y_0
0.000000000000000000e+00 9.473421620141121480e+01 4.033581883665488022e+01 4.537361360096217489e+00 1.658540073528512835e+02 8.983830056150746657e+01 1.380808066635379134e+02 9.170184834568424321e+02 1.027156475510121481e+03 3.650000000000000000e+01 1.414393480534960330e+07 8.727509262785872579e+02 3.615893820345352765e+02
1.000000000000000000e+00 9.475229384991507686e+01 4.034592809421639714e+01 5.149039750011534800e+00 1.688610647703041536e+02 8.991103577397085189e+01 1.383985022683238810e+02 1.016845834322640599e+03 7.137661907489816713e+02 3.650000000000000000e+01 3.682460460580595769e+06 1.140578083795053089e+03 1.680892802308680416e+02
2.000000000000000000e+00 9.471997022428020330e+01 4.033060479900033357e+01 8.073086610305475475e+00 1.776981729019721570e+02 8.997958038207046627e+01 1.385144184274914494e+02 8.066248282346853102e+02 1.232847918911408897e+03 3.650000000000000000e+01 1.991978150543257361e+06 6.619434024757855468e+02 4.604744753624564737e+02
3.000000000000000000e+00 9.477898713322231572e+01 4.032559200357254525e+01 4.436674477665775385e+00 1.653776452750405781e+02 8.987676940182799967e+01 1.358654083912406634e+02 1.570728460913170693e+03 8.023712717352152595e+02 3.650000000000000000e+01 6.451888559325357527e+07 1.532410148193956047e+03 5.684765944484387319e+02
4.000000000000000000e+00 9.477623922310820603e+01 4.031869805110532212e+01 1.002915712934291825e+01 1.965702222837711872e+02 9.048221070893447404e+01 1.375181853732090929e+02 1.616883362078212713e+03 9.339943979648169261e+02 3.650000000000000000e+01 2.152509912107668817e+06 1.491166779391924138e+03 7.021553745850329733e+02
5.000000000000000000e+00 9.474835837819415474e+01 4.031472354902250999e+01 1.047577056491865655e+01 1.983592682289711604e+02 8.936895603642840058e+01 1.390518467387009593e+02 1.328851433375507895e+03 1.236971518879144696e+03 3.650000000000000000e+01 1.973038909137577750e+06 1.079213290934738325e+03 7.746167142880032088e+02
6.000000000000000000e+00 9.477103875000648259e+01 4.031011344982648836e+01 4.685746395923659158e+00 1.663357363966825346e+02 9.051978714805578363e+01 1.377929165290385924e+02 1.653359058184526248e+03 1.113711557448762278e+03 3.650000000000000000e+01 9.252827841996908188e+06 1.413540246681485996e+03 8.683063712271326722e+02
7.000000000000000000e+00 9.472942952378684822e+01 4.029783643097732693e+01 5.313932982560220175e+00 1.676317013079877825e+02 8.937977151060744063e+01 1.389208339770365797e+02 1.295869564773822049e+03 1.666462440660339098e+03 3.650000000000000000e+01 4.882352121079847217e+06 7.979442646554196017e+02 1.099840855558199337e+03
8.000000000000000000e+00 9.475667973611108152e+01 4.030171418282973406e+01 1.037719456194380463e+01 1.936780492493785459e+02 9.019936434486832866e+01 1.380727619890059259e+02 1.577916589425212806e+03 1.370422555920867580e+03 3.650000000000000000e+01 2.354782194480573758e+06 1.200695543508401443e+03 1.029240916440243154e+03
9.000000000000000000e+00 9.477671862188346097e+01 4.029600900158211374e+01 4.661613615940769506e+00 1.664442979251796544e+02 8.974569419060856035e+01 1.385015584602461161e+02 1.882925359811853696e+03 1.287463343008771972e+03 3.650000000000000000e+01 8.242048855486753397e+06 1.495983752915937885e+03 1.143753264103467927e+03
1.000000000000000000e+01 9.478565418556001987e+01 4.031114570211678227e+01 6.344135475941938829e+00 1.825214397074430224e+02 9.003187509538304312e+01 1.384324204187102509e+02 1.816461520828951052e+03 9.706310144625508656e+02 3.650000000000000000e+01 9.905226127759311348e+05 1.629398227116446378e+03 8.507384244659067463e+02
1.100000000000000000e+01 9.473545092458404326e+01 4.030182072291302120e+01 5.630375970692950816e+00 1.871619930985689564e+02 8.940028368139221016e+01 1.386660064638446670e+02 1.322577738005516267e+03 1.552939633171009291e+03 3.650000000000000000e+01 1.383374208714304259e+06 8.872823799773618703e+02 1.023393650895107498e+03
1.200000000000000000e+01 9.475816187875142305e+01 4.030805842350812895e+01 6.641855353791686234e+00 3.012344014210628984e+02 8.894791636292369219e+01 1.380000647463200494e+02 1.522835579452141701e+03 1.257010601057545273e+03 3.650000000000000000e+01 4.712804109349621460e+06 1.223235256802187905e+03 9.060467990879307081e+02
1.300000000000000000e+01 9.475806301938702347e+01 4.030797184130224764e+01 6.652814854559369273e+00 3.008033440863315491e+02 8.939084488581623589e+01 1.376667200398075295e+02 1.522637277977355780e+03 1.258511214202573001e+03 3.650000000000000000e+01 4.671504620428291149e+06 1.221766851008725325e+03 9.077142591640123328e+02
1.400000000000000000e+01 9.479727130245835554e+01 4.028880375768204658e+01 6.834385484337730077e+00 1.748380031338984111e+02 9.053368167222085106e+01 1.380987232166280876e+02 2.211814856847886404e+03 1.220943810620895192e+03 3.650000000000000000e+01 2.276958188731308095e+06 1.798765568251359582e+03 1.287475719059304083e+03
1.500000000000000000e+01 9.473178947620328927e+01 4.029791720674150923e+01 4.765197455760120882e+00 1.773727215627342559e+02 8.954756288062894498e+01 1.379911797517551122e+02 1.322986137874926271e+03 1.645612143099711602e+03 3.650000000000000000e+01 1.802707075861234684e+06 8.327977195476400993e+02 1.098694697904027180e+03
1.600000000000000000e+01 9.478982061139740267e+01 4.028076593950711271e+01 5.057791580549150012e+00 1.679397960175497531e+02 9.034778584372146781e+01 1.381159875213564590e+02 2.215185737816434994e+03 1.413489350043404784e+03 3.650000000000000000e+01 4.122176226928609889e+06 1.687964513119279900e+03 1.442620530069203369e+03
1.700000000000000000e+01 9.473038511761379254e+01 4.026982057499935763e+01 7.966991832045386523e+00 1.742795010425013515e+02 8.958136861013404939e+01 1.388657555291102312e+02 1.629073978583418466e+03 2.099174432317450282e+03 3.650000000000000000e+01 2.402503860249908641e+06 8.089829549052863058e+02 1.645179363146369724e+03
