# id ra dec s L A b x y a flux x_0 y_0
0.000000000000000000e+00 2.536809159103322884e+02 -1.030820367424072082e+01 1.694310477130987813e+00 5.185423524547667284e+02 9.030326535327127147e+01 1.214524602089380778e+02 4.005849168995794116e+03 1.073335391577263181e+03 -6.979999999999999716e+01 4.741128672898315825e+06 8.849644389160612263e+02 7.018602942698603329e+02
1.000000000000000000e+00 2.537042947964484370e+02 -1.030710782747022947e+01 7.783286909014155874e+00 5.472118359527611346e+02 9.008679946851799514e+01 1.223397255293563148e+02 4.178504074399513229e+03 1.482091577020761633e+03 -6.979999999999999716e+01 3.090110805872392375e+06 1.327825599128386102e+03 6.809191299199264904e+02
2.000000000000000000e+00 2.536956165611061351e+02 -1.032113730077456637e+01 3.357853560466063758e+00 5.207657656820592820e+02 9.013408604270438218e+01 1.218297462668881934e+02 3.866992102078274911e+03 1.421077695097796777e+03 -6.979999999999999716e+01 1.726510419064703863e+06 1.163337617858855765e+03 9.509699045759909950e+02
3.000000000000000000e+00 2.537212141024936614e+02 -1.031184448105957507e+01 1.460124489740134202e+00 5.185263177352516095e+02 9.019998132920271416e+01 1.218158001768600940e+02 4.202808352421275231e+03 1.814011823911331703e+03 -6.979999999999999716e+01 3.580855275517114438e+06 1.648278459422327387e+03 7.722493749749667131e+02
4.000000000000000000e+00 2.536870664625903373e+02 -1.032728810794596086e+01 1.039097914307640025e+01 5.612884738347902385e+02 9.008645483996014036e+01 1.220915494087865198e+02 3.701134602211713172e+03 1.309987959757112549e+03 -6.979999999999999716e+01 3.931785150511717424e+06 1.001343992691294943e+03 1.069335756210397903e+03
5.000000000000000000e+00 2.537164656528579485e+02 -1.031142844972305284e+01 6.843684803801571626e+00 5.402958482758698437e+02 9.011535646925990761e+01 1.218437176132582067e+02 4.178842146078044607e+03 1.726502286268265834e+03 -6.979999999999999716e+01 2.631892236221826170e+06 1.558335723040907624e+03 7.642000427024286182e+02
6.000000000000000000e+00 2.537092221609192109e+02 -1.031784249713295942e+01 4.033932211026318271e+00 5.219546035738821956e+02 9.002819111678735453e+01 1.219239379728174129e+02 4.015900124894908004e+03 1.640299939171234428e+03 -6.979999999999999716e+01 1.624908199602956651e+06 1.421076369208525193e+03 8.876338898740427794e+02
7.000000000000000000e+00 2.536931611247840408e+02 -1.033480121486671344e+01 1.377577336946536946e+01 5.746739414172421903e+02 9.017027304650294184e+01 1.216730563707135815e+02 3.604569558253873311e+03 1.467343141321388885e+03 -6.979999999999999716e+01 5.383820689683442935e+06 1.116731803349779739e+03 1.214027432002425485e+03
8.000000000000000000e+00 2.536804229449943762e+02 -1.035482796765984936e+01 1.567741743079493988e+00 5.178461708428884549e+02 9.013408828693184205e+01 1.216459550712053783e+02 3.159389539334157234e+03 1.374427671980658033e+03 -6.979999999999999716e+01 8.465682129915751517e+06 8.753358541927777878e+02 1.599524445025711884e+03
9.000000000000000000e+00 2.536699265761129141e+02 -1.033849212896215519e+01 1.019092734158235736e+01 5.518710091727879217e+02 9.010027979962021050e+01 1.219236200734071360e+02 3.385634042795428286e+03 1.078867746384864176e+03 -6.979999999999999716e+01 3.837144473805870861e+06 6.766307407528902331e+02 1.284947652450918440e+03
1.000000000000000000e+01 2.536737256109877876e+02 -1.032021294762835772e+01 5.383263896737689791e+00 5.280957598297902678e+02 9.007592624298615647e+01 1.218923262693195539e+02 3.741286851214308172e+03 1.025335092732335625e+03 -6.979999999999999716e+01 1.914359184569462668e+06 7.486929553440563723e+02 9.330357853963575963e+02
1.100000000000000000e+01 2.536793380105713709e+02 -1.032215047764475813e+01 1.462392247793548350e+01 5.720114396321704362e+02 9.013646509898057957e+01 1.217670458008245049e+02 3.742137538731585209e+03 1.137783983426015538e+03 -6.979999999999999716e+01 5.560919241856352426e+06 8.549892091076059160e+02 9.703719930626239147e+02
1.200000000000000000e+01 2.537122967216584470e+02 -1.032803790635548502e+01 5.295045994070418871e+00 5.572363056662005647e+02 8.994727560491079998e+01 1.219015440650076982e+02 3.852464217383583673e+03 1.763306904866928107e+03 -6.979999999999999716e+01 3.120533498816900421e+06 1.479230776318804374e+03 1.083952625541498946e+03
1.300000000000000000e+01 2.536743849737804055e+02 -1.036061106060003567e+01 8.117274929619378909e+00 5.420255125012014332e+02 9.029321560588098805e+01 1.214941123040457569e+02 3.015439634494576239e+03 1.305523633430274458e+03 -6.979999999999999716e+01 3.230791480052979663e+06 7.609455157772204075e+02 1.710831808632634647e+03
1.400000000000000000e+01 2.536782804735197487e+02 -1.036907817050886571e+01 1.503008925692681741e+00 5.180512574858307744e+02 9.001473742686224000e+01 1.221431647619656076e+02 2.888496385609350455e+03 1.431290460794579985e+03 -6.979999999999999716e+01 4.429859275179659016e+06 8.346714567077351603e+02 1.873872854389911481e+03
1.500000000000000000e+01 2.537078391354680207e+02 -1.036524333775894391e+01 4.049118901331314468e+00 5.210762149612424992e+02 9.006409162234635346e+01 1.216618115941802785e+02 3.150057011734795196e+03 1.930793329288832183e+03 -6.979999999999999716e+01 1.767961030724949203e+06 1.394504155499774470e+03 1.800241249862662698e+03
1.600000000000000000e+01 2.536805262874982247e+02 -1.035488731456481659e+01 1.567558205362946433e+00 5.178322414867947145e+02 9.024024561509486375e+01 1.213842434366570728e+02 3.159123945572794582e+03 1.376787069672448297e+03 -6.979999999999999716e+01 8.464007005241593346e+06 8.772927442715372308e+02 1.600667685003452561e+03
1.700000000000000000e+01 2.536670329617722359e+02 -1.038411116243587706e+01 1.376234913001943028e+01 5.844390777011088858e+02 9.004131198739318620e+01 1.221764967776612849e+02 2.542607323273229213e+03 1.330680147640802716e+03 -6.979999999999999716e+01 5.615274643180296756e+06 6.215772122352559563e+02 2.163241925932529284e+03
1.800000000000000000e+01 2.536839866813030255e+02 -1.040192439440093430e+01 1.361967640380635558e+00 5.174380256092782702e+02 9.025328162547631905e+01 1.198951470779659587e+02 2.331876002784008051e+03 1.750637588478792850e+03 -6.979999999999999716e+01 3.543333774814004451e+07 9.425275525859111667e+02 2.506299568287210604e+03
1.900000000000000000e+01 2.536804844609866620e+02 -1.041242873871535224e+01 5.274266606643014832e+00 5.277580157757746520e+02 8.998719440616802956e+01 1.228207659461195362e+02 2.118593456390437041e+03 1.758438598623441976e+03 -6.979999999999999716e+01 2.016641595102208667e+06 8.761416671544806150e+02 2.708518899165497260e+03
