# id ra dec s L A b x y a flux x_0 y_0
0.000000000000000000e+00 1.225291392801516679e+02 -2.761796799008469705e+01 4.292491743429686757e+00 3.604462178692382395e+02 8.936210338103076367e+01 3.596951097500524952e+02 4.250089285640473463e+03 5.767435790872876851e+02 -8.940000000000000568e+01 3.311319736843453255e+06 5.724839815255101030e+02 4.003773608074628783e+02
1.000000000000000000e+00 1.225488215535410745e+02 -2.761999450181778215e+01 4.351198464820412504e+00 3.613992138560802800e+02 9.001364419019743934e+01 3.498674964353153882e+02 4.211018001395080319e+03 9.129599443369842220e+02 -8.940000000000000568e+01 1.351702157129754778e+06 9.075235563905408753e+02 4.420672528998723578e+02
2.000000000000000000e+00 1.225189623331549313e+02 -2.761978119320583502e+01 3.866737538578377542e+00 3.640866865380293120e+02 8.910874082803057661e+01 3.603993119696817757e+02 4.214244113671048581e+03 4.033853169093023325e+02 -8.940000000000000568e+01 3.167707298601465300e+05 3.988416806850393073e+02 4.339537189549483287e+02
3.000000000000000000e+00 1.225853124391724123e+02 -2.762026619953575945e+01 3.212637538156676076e+00 3.649999924349231719e+02 8.997766184274097157e+01 3.462718179415242048e+02 4.207906001748779090e+03 1.534167709452280178e+03 -8.940000000000000568e+01 3.183209462607558817e+04 1.529176812463277884e+03 4.523621005811638156e+02
4.000000000000000000e+00 1.225896751623684224e+02 -2.762026561003759184e+01 3.840212217829205077e+00 3.598794641166535371e+02 8.935055932745214591e+01 3.597143701736912362e+02 4.208140949506168909e+03 1.608339985813334351e+03 -8.940000000000000568e+01 6.270224097254173830e+05 1.603504221918231224e+03 4.529681506312375632e+02
5.000000000000000000e+00 1.225833171909848716e+02 -2.762236950153561210e+01 3.707049675080210882e+00 3.649999815747233924e+02 8.999329964272054383e+01 3.320277010098575943e+02 4.166981049558676204e+03 1.499945491886273658e+03 -8.940000000000000568e+01 1.194240351334502921e+05 1.494867843799705724e+03 4.925960020917979705e+02
6.000000000000000000e+00 1.225886514360013848e+02 -2.762236111214446765e+01 3.742345130930833985e+00 3.641038739380588822e+02 8.936597439900575068e+01 3.599862151027081154e+02 4.167203688506341678e+03 1.591188493491289137e+03 -8.940000000000000568e+01 3.449275434852908365e+05 1.585746409890209179e+03 4.931881677339988528e+02
7.000000000000000000e+00 1.225965064425993205e+02 -2.762247410108449586e+01 3.223661595241425815e+00 3.649999839066261984e+02 9.007841107876011222e+01 3.500723175589424159e+02 4.165229540255834763e+03 1.725326302132221144e+03 -8.940000000000000568e+01 5.958354664923716336e+04 1.719551619882203340e+03 4.964817688794856849e+02
8.000000000000000000e+00 1.225335702349036211e+02 -2.762634038071790599e+01 4.304639351177250717e+00 3.607554759731318654e+02 8.933891935815420027e+01 3.613102163136610443e+02 4.088978643608040784e+03 6.527320601664760034e+02 -8.940000000000000568e+01 1.179264286876906641e+06 6.467826191902488517e+02 5.622458985134348950e+02
9.000000000000000000e+00 1.225731776673550115e+02 -2.762996252642863126e+01 3.279214009881197711e+00 3.649999970476076783e+02 8.996308815325836861e+01 3.496792525324352710e+02 4.020203418752362268e+03 1.328578122157543021e+03 -8.940000000000000568e+01 1.512300464886967093e+05 1.320995884336590507e+03 6.374366204459447545e+02
1.000000000000000000e+01 1.225779049704440951e+02 -2.762995105807979357e+01 4.516646220053922356e+00 3.644371347966088592e+02 8.964182843245012577e+01 3.595472871982554466e+02 4.020595584440948642e+03 1.408381438521417977e+03 -8.940000000000000568e+01 6.694050229991464876e+05 1.401529100224767717e+03 6.378768499169011648e+02
1.100000000000000000e+01 1.225887039493869963e+02 -2.763166162921751479e+01 4.018697360086689763e+00 3.653036780578298703e+02 8.966463152774812784e+01 3.543942867433070205e+02 3.988214231889001439e+03 1.592349791979001793e+03 -8.940000000000000568e+01 3.770558867528289557e+05 1.585235454847742403e+03 6.723489920009462821e+02
1.200000000000000000e+01 1.225906057110463365e+02 -2.763169760251967588e+01 4.000527652337569684e+00 3.629998549725714270e+02 8.961165949618313675e+01 3.546320877845470250e+02 3.987256114923916357e+03 1.624772525619625867e+03 -8.940000000000000568e+01 3.739583856775178574e+05 1.617626748949703369e+03 6.733116121453331289e+02
1.300000000000000000e+01 1.225904085709542528e+02 -2.763161786815633647e+01 4.071417461885394218e+00 3.645445961243955821e+02 8.966741717953802038e+01 3.538329541012960249e+02 3.988775722074825808e+03 1.621779759314839794e+03 -8.940000000000000568e+01 3.826525703835436143e+05 1.614280516406994138e+03 6.717477330405383782e+02
1.400000000000000000e+01 1.225461337243097830e+02 -2.763406058094341944e+01 3.873828569887869389e+00 3.652410302037449128e+02 9.000933578325448536e+01 3.548103975913080035e+02 3.940164428791358660e+03 8.672093632648288803e+02 -8.940000000000000568e+01 2.261409300631470978e+05 8.596990412584511887e+02 7.126536083836635953e+02
1.500000000000000000e+01 1.225584166364289587e+02 -2.764572303605324066e+01 3.330286978708516532e+00 3.578569139300238930e+02 8.931609131559505954e+01 3.601660468832513970e+02 3.715864840119966630e+03 1.077771347178281303e+03 -8.940000000000000568e+01 2.117168969638361596e+05 1.067228564946889037e+03 9.389827434249160660e+02
1.600000000000000000e+01 1.225590746363500045e+02 -2.764514233958940537e+01 4.327468549801467113e+00 3.622384764078413468e+02 9.001117658322878867e+01 3.492602435255625437e+02 3.727798501936958019e+03 1.089103269718478941e+03 -8.940000000000000568e+01 3.149223117485134862e+05 1.078521308115796046e+03 9.278874318795145655e+02
1.700000000000000000e+01 1.225313596046707261e+02 -2.764833866009750807e+01 3.697329791227121021e+00 3.588399658335783329e+02 8.931192349590227764e+01 3.602139693909032871e+02 3.664976906298506947e+03 6.171310532137471228e+02 -8.940000000000000568e+01 5.048120544625953771e+05 6.059953476644635657e+02 9.856979205531335992e+02
1.800000000000000000e+01 1.225320599375141342e+02 -2.764799416046373537e+01 4.222295502436564263e+00 3.604574033557038888e+02 9.001133575827230970e+01 3.492314861097020184e+02 3.671747512731974894e+03 6.288163608105863887e+02 -8.940000000000000568e+01 6.168623406813438050e+05 6.179728214912864814e+02 9.791555962866156051e+02
1.900000000000000000e+01 1.226000616490333499e+02 -2.764936317478802508e+01 5.053220523865230795e+00 3.629107514719362939e+02 8.991588924297160190e+01 3.602218164033430980e+02 3.647593998931140959e+03 1.786871953108536218e+03 -8.940000000000000568e+01 4.592153533961297944e+05 1.776008439095968242e+03 1.014946328791545170e+03
2.000000000000000000e+01 1.225559712576468172e+02 -2.765095040557667261e+01 3.863924755792723431e+00 3.668969992989825641e+02 8.941997755157615302e+01 3.587623171265057067e+02 3.614286097461143072e+03 1.036012744074770580e+03 -8.940000000000000568e+01 3.154062282618586905e+05 1.024813348071254950e+03 1.039340363698609508e+03
2.100000000000000000e+01 1.225564861282252735e+02 -2.765057568254153608e+01 4.652524378325138876e+00 3.629024175855103067e+02 8.990958649479524922e+01 3.509010384691217155e+02 3.622757233155800805e+03 1.045046488206894992e+03 -8.940000000000000568e+01 4.072878279140363447e+05 1.033637431574416496e+03 1.032192800060845229e+03
2.200000000000000000e+01 1.225941878401821441e+02 -2.765043364725476849e+01 4.134665670336901577e+00 3.658919118712976797e+02 8.963442152418996045e+01 3.586097772173480394e+02 3.626230960771597438e+03 1.686879514852756074e+03 -8.940000000000000568e+01 2.336908045604377985e+05 1.675801018192534229e+03 1.034727621235160768e+03
2.300000000000000000e+01 1.225961042374755579e+02 -2.765071216959663758e+01 3.317044078439821408e+00 3.650000020380634282e+02 9.001119656652315371e+01 3.542689462478766131e+02 3.622011089984451701e+03 1.719328594119444006e+03 -8.940000000000000568e+01 9.186228674927912652e+04 1.708399016611504749e+03 1.040365869523702941e+03
2.400000000000000000e+01 1.225558678389201646e+02 -2.765113557268506028e+01 3.760927532947787810e+00 3.591926056401462688e+02 8.932371438787062345e+01 3.602349985195792215e+02 3.612371287669064259e+03 1.034704331770587714e+03 -8.940000000000000568e+01 3.010573434303770773e+05 1.023024875051524987e+03 1.042893004805001510e+03
2.500000000000000000e+01 1.225896621642531272e+02 -2.765954761247207827e+01 3.854692414932554989e+00 3.650000876252462945e+02 8.999614146754835531e+01 3.493728963565973231e+02 3.451546920202256388e+03 1.610765561379541396e+03 -8.940000000000000568e+01 1.581721768488529138e+06 1.597340126352527705e+03 1.209643828785970754e+03
2.600000000000000000e+01 1.225451217029878421e+02 -2.765868106382969316e+01 3.665672390783405010e+00 3.595699664105934517e+02 8.947724048514197648e+01 3.599974196631674772e+02 3.464965714172914431e+03 8.517613009820016714e+02 -8.940000000000000568e+01 2.443695441102329642e+05 8.389067011614623652e+02 1.186774276497190158e+03
2.700000000000000000e+01 1.225457232454861298e+02 -2.765839491685012064e+01 4.493265855145177845e+00 3.617437395099302648e+02 9.002526543230156619e+01 3.517708668654182702e+02 3.471874111904543952e+03 8.624633352513269529e+02 -8.940000000000000568e+01 3.296214957521194592e+05 8.491928485287230615e+02 1.181343912757941780e+03
2.800000000000000000e+01 1.225450256585562414e+02 -2.765870158214538677e+01 3.601547649722027788e+00 3.645781642656896224e+02 8.944635335706095702e+01 3.605751957627178399e+02 3.464578974876577377e+03 8.504634815259813649e+02 -8.940000000000000568e+01 2.375725202635042369e+05 8.372680144850629631e+02 1.187156490430805889e+03
2.900000000000000000e+01 1.225557376029959045e+02 -2.766312257967268451e+01 4.107164672342070055e+00 3.608603612926467576e+02 8.992464908067205442e+01 3.512887279008427868e+02 3.381025379939721006e+03 1.032417317821616052e+03 -8.940000000000000568e+01 4.529446101848213002e+05 1.019057001430681225e+03 1.273777326391260658e+03
3.000000000000000000e+01 1.225557832737363810e+02 -2.766309142775075003e+01 4.136898148276033638e+00 3.606581971184498343e+02 8.995986420448335252e+01 3.507361695930973724e+02 3.381482171446881239e+03 1.033214473891225680e+03 -8.940000000000000568e+01 4.574235551217021421e+05 1.019839331671859668e+03 1.273183517102364476e+03
3.100000000000000000e+01 1.225550663197498551e+02 -2.766361709372285560e+01 3.621522019287495286e+00 3.588350481988331353e+02 8.940932316586734885e+01 3.594074854682752402e+02 3.372096555968407301e+03 1.021042207681628611e+03 -8.940000000000000568e+01 3.732460755541017279e+05 1.007552767598769833e+03 1.283211011545072552e+03
3.200000000000000000e+01 1.225669239325030873e+02 -2.767502856681967671e+01 4.423551000155035773e+00 3.620179665833234139e+02 8.994214608228359964e+01 3.505334485805457234e+02 3.151613464398853012e+03 1.224392243640457082e+03 -8.940000000000000568e+01 2.604067746686565224e+06 1.207803905955358459e+03 1.504660430763750810e+03
3.300000000000000000e+01 1.225919082488382799e+02 -2.767446104814931473e+01 3.783042256248562385e+00 3.604350171940177461e+02 8.937369995102331188e+01 3.591645503456795154e+02 3.164400848777771444e+03 1.649878330271946425e+03 -8.940000000000000568e+01 3.817167881494769827e+05 1.633331260583877338e+03 1.497234757680447956e+03
3.400000000000000000e+01 1.225920227192099787e+02 -2.767455638166065057e+01 3.219839600321989792e+00 3.649999995864102971e+02 8.999514774981149401e+01 3.502309416125416419e+02 3.162040159439438867e+03 1.651418247241857216e+03 -8.940000000000000568e+01 2.022959937769593671e+04 1.635266051868581371e+03 1.499087394563289536e+03
3.500000000000000000e+01 1.225641196456880664e+02 -2.768141478121537702e+01 4.240786277543961091e+00 3.631539173464009309e+02 8.946918602006375920e+01 3.599518417684098495e+02 3.028442487688267192e+03 1.176229653887193081e+03 -8.940000000000000568e+01 7.162030835329173133e+05 1.159110984786266954e+03 1.627287698682354403e+03
3.600000000000000000e+01 1.225397470578489276e+02 -2.769772199388111744e+01 4.250716397637056332e+00 3.621125436247637026e+02 8.955480441095450317e+01 3.568488037879850481e+02 2.713757910744190667e+03 7.627145202025004664e+02 -8.940000000000000568e+01 1.615698488453436177e+06 7.417707119836637730e+02 1.938080490415164377e+03
3.700000000000000000e+01 1.225771959650676166e+02 -2.769933636653888342e+01 4.442761953140783149e+00 3.637675203053334485e+02 8.978596546135541701e+01 3.529536268465846547e+02 2.684140513784151608e+03 1.400466023657111009e+03 -8.940000000000000568e+01 1.269811626701062545e+06 1.379089765805156958e+03 1.974323433237618019e+03
3.800000000000000000e+01 1.225431800998087226e+02 -2.770427927776157873e+01 4.400096554028237961e+00 3.620977686166402805e+02 8.957731983038355850e+01 3.553760458767094406e+02 2.586909491091423206e+03 8.214711746943891058e+02 -8.940000000000000568e+01 1.267994650109078549e+07 7.992734010024313420e+02 2.064854746070324836e+03
3.900000000000000000e+01 1.225136931195901155e+02 -2.771122224071739382e+01 4.467683865281370181e+00 3.637033633853754964e+02 8.985070573265490168e+01 3.528344692836957393e+02 2.451949353828970743e+03 3.201947656620208704e+02 -8.940000000000000568e+01 5.073817063797272742e+06 2.963250831373495089e+02 2.194665680171324766e+03
4.000000000000000000e+01 1.225363517263076290e+02 -2.771131671919575723e+01 4.401567322687246708e+00 3.653373500604234323e+02 8.986974317060958128e+01 3.608093627505742802e+02 2.451813796267240377e+03 7.059681814333303009e+02 -8.940000000000000568e+01 3.869450097436830401e+05 6.820227553691680669e+02 2.199493861925598139e+03
4.100000000000000000e+01 1.225636356960521312e+02 -2.771911226055058108e+01 4.238644116995897271e+00 3.619736552677571240e+02 8.945793823998123173e+01 3.579235793908039227e+02 2.301721900815839945e+03 1.170268949661266106e+03 -8.940000000000000568e+01 5.803108311600070447e+05 1.145321460525245357e+03 2.353372846756825311e+03
4.200000000000000000e+01 1.225709993579448849e+02 -2.771940866476172616e+01 3.289430332274311919e+00 3.649999945440671354e+02 8.995756687647633498e+01 3.515679140264438161e+02 2.297194291036428240e+03 1.295535335352384209e+03 -8.940000000000000568e+01 1.346048433630410582e+05 1.270617597786275610e+03 2.360103028026164338e+03
4.300000000000000000e+01 1.225741959193699699e+02 -2.772320677351855167e+01 3.911761357351180468e+00 3.604124260136702560e+02 8.937949963042746049e+01 3.594158727667421545e+02 2.224275471611841567e+03 1.350318834437565329e+03 -8.940000000000000568e+01 3.062036460240143351e+05 1.324462129190322457e+03 2.433709770751154338e+03
