# id ra dec s L A b x y a flux x_0 y_0
0.000000000000000000e+00 1.229276132921356464e+02 -2.804617540342121629e+01 4.498848810892318362e+00 3.635508525317656563e+02 8.889008175719303040e+01 3.328277392887860628e+02 4.097653838922563409e+03 1.171812443109922924e+03 -8.940000000000000568e+01 6.304854482700121589e+05 1.165839914548773777e+03 5.589687913846736365e+02
1.000000000000000000e+00 1.229221018307112558e+02 -2.804606719038780938e+01 3.350776655803629378e+00 3.649999702132014363e+02 8.998260493728125198e+01 3.170695948058588556e+02 4.094971893416510284e+03 1.266124753347711930e+03 -8.940000000000000568e+01 1.780230618441035040e+05 1.260013729229792489e+03 5.623401470460831888e+02
2.000000000000000000e+00 1.229073155370358847e+02 -2.804345985691373144e+01 4.667836249067680576e+00 3.634738620508208555e+02 8.898098834674622992e+01 3.322636164735489501e+02 4.043350723157986977e+03 1.518813523766646767e+03 -8.940000000000000568e+01 5.053370589228596538e+06 1.512196333691095333e+03 6.161166220834300020e+02
3.000000000000000000e+00 1.229614192374244936e+02 -2.804430908143342549e+01 5.007984229384460306e+00 3.659565138577739276e+02 8.987997849232674241e+01 3.182726373020434494e+02 4.062879112621219519e+03 5.943756604281063574e+02 -8.940000000000000568e+01 1.490741108438824769e+06 5.876691056709776149e+02 5.870645562966947182e+02
4.000000000000000000e+00 1.229276046826679760e+02 -2.804633996091244796e+01 4.634172214383488253e+00 3.640219674527758116e+02 8.900930912510028747e+01 3.311619510298409637e+02 4.099839409477157460e+03 1.172615193113467967e+03 -8.940000000000000568e+01 6.552287016721712425e+05 1.166020972329818505e+03 5.557924024721876322e+02
5.000000000000000000e+00 1.229180630446069102e+02 -2.804608111334247056e+01 3.324744287537198861e+00 3.649999736086824100e+02 8.998601930994419718e+01 3.187557102807583078e+02 4.094981029605901313e+03 1.334989899925101554e+03 -8.940000000000000568e+01 1.599521273614480160e+05 1.329043244447965662e+03 5.630074216561714593e+02
6.000000000000000000e+00 1.229336069843985939e+02 -2.804177183448551247e+01 4.660249607011444084e+00 3.633091171275869442e+02 8.890815673169866784e+01 3.325141370759294546e+02 4.012595521803691554e+03 1.070052241437263547e+03 -8.940000000000000568e+01 2.341474196641108487e+06 1.062490354775251035e+03 6.426246001439773181e+02
7.000000000000000000e+00 1.229279554282238252e+02 -2.804004361477781515e+01 3.707889042863018680e+00 3.649999755799017294e+02 8.997912078573921235e+01 3.174181615585345071e+02 3.978999081831781496e+03 1.166187380199190102e+03 -8.940000000000000568e+01 1.719200415160669945e+05 1.158728439178435792e+03 6.773232877894364492e+02
8.000000000000000000e+00 1.229144746161152142e+02 -2.803426771233439041e+01 4.363230249205885869e+00 3.649999739864597359e+02 9.001328897394127182e+01 3.169283308911914787e+02 3.866089975530899210e+03 1.396743380355940872e+03 -8.940000000000000568e+01 2.110533557304064743e+05 1.387962691427670734e+03 7.920105889666892836e+02
9.000000000000000000e+00 1.229067861216538375e+02 -2.803410575562128315e+01 5.469073863807993874e+00 3.662978428679744525e+02 8.900048440508486181e+01 3.332319074569595614e+02 3.862153819989318890e+03 1.528314798591388126e+03 -8.940000000000000568e+01 4.118315931559056044e+05 1.519347690943036696e+03 7.969108228662383908e+02
1.000000000000000000e+01 1.229069497054429831e+02 -2.803404623816915731e+01 4.374547067495445418e+00 3.649999779674712386e+02 8.998630330608401096e+01 3.186134622689345406e+02 3.862100922238580097e+03 1.525781964668617775e+03 -8.940000000000000568e+01 1.883188115345058031e+05 1.516539511768577995e+03 7.980227715426980239e+02
1.100000000000000000e+01 1.229676918730210957e+02 -2.803263658475178843e+01 4.938248203023826832e+00 3.645809211141378228e+02 8.881592713241050774e+01 3.326757534839999835e+02 3.837994117007113346e+03 4.866479763618168590e+02 -8.940000000000000568e+01 6.235436381746721454e+05 4.779821922304288933e+02 8.110229557247462253e+02
1.200000000000000000e+01 1.229108953475004853e+02 -2.803086191048121734e+01 4.620993419503030886e+00 3.636377404118655932e+02 8.926919973953617671e+01 3.281501572593271590e+02 3.800632345814364726e+03 1.457401857099746621e+03 -8.940000000000000568e+01 1.662565413219525013e+06 1.448449476855763805e+03 8.586188534795124951e+02
1.300000000000000000e+01 1.229270187491767388e+02 -2.802323183053896116e+01 3.303715423290719766e+00 3.649999690820731075e+02 9.004084814376332702e+01 3.223884286423315189e+02 3.654148164129032011e+03 1.182497937784596616e+03 -8.940000000000000568e+01 2.212983868682961911e+05 1.171274863966599696e+03 1.002256921488080593e+03
1.400000000000000000e+01 1.229340253083859409e+02 -2.801354254104191099e+01 3.650826879393722635e+00 3.649999742563417726e+02 8.994517932907012892e+01 3.177001038205928012e+02 3.467095420972965258e+03 1.061948216043783759e+03 -8.940000000000000568e+01 1.963695884551950730e+05 1.049494095167989144e+03 1.187768453836763456e+03
1.500000000000000000e+01 1.229393943420058264e+02 -2.801369367209212058e+01 6.075215494175715492e+00 3.653206371059575872e+02 8.911932212973491119e+01 3.320912931389184450e+02 3.469729065894626729e+03 9.704419404326018821e+02 -8.940000000000000568e+01 4.480423586085028946e+05 9.577359712798076998e+02 1.183592288096680932e+03
1.600000000000000000e+01 1.229000907019837996e+02 -2.800380108549816427e+01 3.322534414818540061e+00 3.649999784241646807e+02 9.000329755694224332e+01 3.203144678641089058e+02 3.277025484109144145e+03 1.642916696147928178e+03 -8.940000000000000568e+01 1.456920749378115870e+05 1.627677319814858265e+03 1.383774211773007437e+03
1.700000000000000000e+01 1.229655244994683017e+02 -2.800252514766058454e+01 4.639041808176942006e+00 3.636984356841008434e+02 8.897271802737951418e+01 3.328559140674792047e+02 3.255707877233253384e+03 5.232163514044642625e+02 -8.940000000000000568e+01 1.925999850599546917e+06 5.086434789288474576e+02 1.393133205918682052e+03
1.800000000000000000e+01 1.229329855628530481e+02 -2.800212528844289750e+01 3.307414098568459249e+00 3.649999670866916404e+02 9.002453539647193281e+01 3.182556365427251990e+02 3.247138267954731873e+03 1.080094768937843355e+03 -8.940000000000000568e+01 2.908069600393855944e+05 1.064907000582184082e+03 1.408532291363582772e+03
1.900000000000000000e+01 1.229328168143618285e+02 -2.800209439969097502e+01 7.273836531800498051e+00 3.759148996238208156e+02 8.890501877994230995e+01 3.331652565332332188e+02 3.246532035570811331e+03 1.082764635953557899e+03 -8.940000000000000568e+01 1.133444965926121920e+06 1.067785854003544273e+03 1.409168320110343757e+03
2.000000000000000000e+01 1.229480751757789676e+02 -2.799969296274555930e+01 3.291293821565311806e+00 3.649999782293544399e+02 9.002212705767726675e+01 3.174187926773931281e+02 3.201059953922167097e+03 8.220514973900915265e+02 -8.940000000000000568e+01 1.841217002632394433e+05 8.063969978937005862e+02 1.451970659128064653e+03
2.100000000000000000e+01 1.229402347389998624e+02 -2.799964245700879673e+01 4.575616061168391369e+00 3.642644983403149013e+02 8.894774591573791156e+01 3.332146979536519211e+02 3.198256225843112588e+03 9.564809461809736604e+02 -8.940000000000000568e+01 5.590109375570169650e+05 9.404446369586744368e+02 1.454790137920381994e+03
2.200000000000000000e+01 1.229401393302826335e+02 -2.799960542746664061e+01 3.343800109695325151e+00 3.649999776989002385e+02 9.001024812826776156e+01 3.179108399218208092e+02 3.198041413876353090e+03 9.580857407597937936e+02 -8.940000000000000568e+01 1.773900429377718829e+05 9.420682593791036652e+02 1.455527737932612808e+03
2.300000000000000000e+01 1.229402173271438699e+02 -2.799965129735725355e+01 4.585924782868214145e+00 3.642975121167621069e+02 8.895957541320676398e+01 3.330603150733268194e+02 3.198230635071455254e+03 9.568003968370742314e+02 -8.940000000000000568e+01 5.607281319449543953e+05 9.407441896548056093e+02 1.454623474871291592e+03
2.400000000000000000e+01 1.229697808024430685e+02 -2.798277955844516285e+01 4.348647007219646810e+00 3.629615307140278446e+02 8.874014827691060248e+01 3.371492918972681991e+02 2.875132973877472068e+03 4.507825819710052428e+02 -8.940000000000000568e+01 4.371463095869855024e+05 4.316688291935105326e+02 1.773497569115814485e+03
2.500000000000000000e+01 1.229170144134046154e+02 -2.798264322656940095e+01 7.735919887013469776e+00 3.651302893390679856e+02 8.992419352199046045e+01 3.150471279885585432e+02 2.869597630092314830e+03 1.352695264865542867e+03 -8.940000000000000568e+01 4.479373649599803612e+05 1.333997419874036495e+03 1.788535570642661241e+03
2.600000000000000000e+01 1.229089141175624178e+02 -2.798267094694939061e+01 4.886126667087093089e+00 3.644570140378176006e+02 8.912861382014527578e+01 3.317055858667562234e+02 2.868997891514865842e+03 1.491728309719504523e+03 -8.940000000000000568e+01 5.270746949301017448e+05 1.472525766701442990e+03 1.789870007737612241e+03
2.700000000000000000e+01 1.229091030827600832e+02 -2.798255454304030465e+01 4.357636288662444457e+00 3.649999768691011468e+02 8.996633178644647444e+01 3.203097419148066365e+02 2.867147852036077438e+03 1.488876556591784265e+03 -8.940000000000000568e+01 2.016780591855971143e+05 1.469270635328831077e+03 1.792074795020051170e+03
2.800000000000000000e+01 1.229089919242071716e+02 -2.798256639374337240e+01 4.781019236822070972e+00 3.641387232525439117e+02 8.908612374394381561e+01 3.324620859957753396e+02 2.867701074634589986e+03 1.490134546441572866e+03 -8.940000000000000568e+01 5.133183710139608011e+05 1.471173960100976728e+03 1.791871501281401152e+03
2.900000000000000000e+01 1.229184187823940420e+02 -2.797855751259583457e+01 3.684850753128061651e+00 3.649999728647404140e+02 9.001933882083432081e+01 3.198162007683314982e+02 2.790926801148221330e+03 1.328787525546977349e+03 -8.940000000000000568e+01 1.849755072540496476e+05 1.309145272367645248e+03 1.867124638291836845e+03
3.000000000000000000e+01 1.229239689225125716e+02 -2.797863675033434916e+01 4.760411952705451810e+00 3.637175558590505489e+02 8.902587286781735543e+01 3.332306188814001189e+02 2.792190456016020107e+03 1.234363482337413188e+03 -8.940000000000000568e+01 4.012549278183598071e+05 1.214245269935685428e+03 1.864306619100964554e+03
3.100000000000000000e+01 1.229239976058951527e+02 -2.797868216341840863e+01 3.682896520195842349e+00 3.649999769892818904e+02 9.000652875017767940e+01 3.189650648010747318e+02 2.792934852313875581e+03 1.234030802560073198e+03 -8.940000000000000568e+01 1.969934810465639457e+05 1.213764071712643045e+03 1.863422815649376162e+03
3.200000000000000000e+01 1.229039909601132621e+02 -2.796673908607286663e+01 6.771870416865540143e+00 3.678956236208161954e+02 8.948604139726000994e+01 3.329681479940063014e+02 2.560711473283633495e+03 1.575811155121193678e+03 -8.940000000000000568e+01 8.903139862926704809e+05 1.553492334537229226e+03 2.098720432498192167e+03
3.300000000000000000e+01 1.228942518284296028e+02 -2.796664806003369819e+01 4.010182862726386688e+00 3.649999694358445481e+02 8.997172453218520616e+01 3.227500434993181671e+02 2.559113568075972125e+03 1.742905038996721487e+03 -8.940000000000000568e+01 1.816155798835852183e+05 1.720046678899018389e+03 2.102707968728761443e+03
3.400000000000000000e+01 1.229263773789353706e+02 -2.796328648019528629e+01 5.503778812998230130e+00 3.668998249444180146e+02 8.912808416982177562e+01 3.322972474757820009e+02 2.495429914847851251e+03 1.192573535641338367e+03 -8.940000000000000568e+01 2.251898329758584499e+06 1.169896260828813183e+03 2.160231514350195994e+03
3.500000000000000000e+01 1.229180363746053217e+02 -2.796606365956290574e+01 3.690627626034788555e+00 3.649999796917431922e+02 9.000375046295881987e+01 3.203130786080869825e+02 2.549031950423450326e+03 1.335162829395878362e+03 -8.940000000000000568e+01 1.677174198209964670e+05 1.313129069272415336e+03 2.108527565081072225e+03
3.600000000000000000e+01 1.229465063468684320e+02 -2.796034774786730637e+01 4.712416922093878746e+00 3.647056881268250095e+02 8.898544411670393117e+01 3.330060362550757986e+02 2.440307911949400022e+03 8.482329299066633439e+02 -8.940000000000000568e+01 3.895434522685864940e+05 8.249952641482697118e+02 2.212279306695483228e+03
3.700000000000000000e+01 1.229541510144302805e+02 -2.796038644850225907e+01 3.328091967608792778e+00 3.649999768713535104e+02 9.003503313544065634e+01 3.184043431830988311e+02 2.442070853396671282e+03 7.181468686863524908e+02 -8.940000000000000568e+01 1.813261301671531983e+05 6.942450181780621961e+02 2.209727172926202002e+03
3.800000000000000000e+01 1.229465750381740179e+02 -2.796037923565635452e+01 4.644617628111871177e+00 3.644940978449527051e+02 8.895439123223341937e+01 3.333864345029647325e+02 2.439936000930192222e+03 8.472959093216794599e+02 -8.940000000000000568e+01 3.824607838802374899e+05 8.238269162371341281e+02 2.211654952761198274e+03
3.900000000000000000e+01 1.229796462944372024e+02 -2.795890521701195652e+01 5.130641710484156626e+00 3.586201514425804930e+02 9.031353281485563400e+01 3.178508088963545788e+02 2.414835835821831097e+03 2.813439124650250278e+02 -8.940000000000000568e+01 1.887652739604464266e+06 2.578424305296530292e+02 2.232259009838779548e+03
4.000000000000000000e+01 1.229359311233178857e+02 -2.795782074045709109e+01 4.567938229627670488e+00 3.638878020204346058e+02 8.854184805876779762e+01 3.377079193187856845e+02 2.390502942259122847e+03 1.029793358530708019e+03 -8.940000000000000568e+01 3.096062834592969157e+05 1.005355138408843118e+03 2.263570490695269655e+03
4.100000000000000000e+01 1.229438098647385829e+02 -2.795818778603464239e+01 6.157040222641021465e+00 3.651276127566977721e+02 9.015885556970724224e+01 3.125104665571355440e+02 2.398949453193204135e+03 8.950919678880396759e+02 -8.940000000000000568e+01 3.912017761681945994e+05 8.706666077192311377e+02 2.254632742261865133e+03
