# id ra dec s L A b x y a flux x_0 y_0
0.000000000000000000e+00 2.010116310750471769e+02 -9.930315325441485541e+00 3.480799900867698859e+00 7.999108218102966816e+01 8.930969564557180718e+01 1.873873627523578307e+02 2.194537335237052048e+03 3.645820936266974286e+02 -1.819999999999999929e+01 5.035599029474045383e+05 8.199333811348597010e+02 1.135711524304882403e+02
1.000000000000000000e+00 2.010324934763919487e+02 -9.944774869621840097e+00 1.375561881632521199e+01 8.001749344788731833e+01 9.008595888957350439e+01 1.901720518012071750e+02 2.487751707260902549e+03 7.569643294172667538e+02 -1.819999999999999929e+01 1.206819756072066491e+06 1.221419060650064694e+03 3.946991909676660839e+02
2.000000000000000000e+00 2.010347064977021887e+02 -1.000709354484490987e+01 3.842013422023562885e+00 7.880758180711828231e+01 8.720381924526655837e+01 1.828662059018923856e+02 2.153235722021807305e+03 1.917700286689158020e+03 -1.819999999999999929e+01 7.074045762966504693e+07 1.265552092479021439e+03 1.602405665989290810e+03
3.000000000000000000e+00 2.010278248681569551e+02 -1.000728083254328737e+01 9.679326465562432702e+00 2.433709526190208194e+01 1.814293467243708164e+02 1.966057379595456496e+02 2.026225831469323111e+03 1.879597500118217113e+03 -1.819999999999999929e+01 3.047181121677897498e+07 1.133277771917069003e+03 1.605725656264613235e+03
4.000000000000000000e+00 2.010887198100988940e+02 -1.000531090194972172e+01 1.369164667520789536e+01 9.154751228767555205e+00 9.454635710640629043e+01 1.785991450093204946e+02 3.149807574757941893e+03 2.211552776486850689e+03 -1.819999999999999929e+01 6.090097520027127862e+07 2.303752489521786629e+03 1.570384520667121706e+03
5.000000000000000000e+00 2.010447260440770663e+02 -1.000640709412180129e+01 3.887708796610479745e+00 7.696699055190502747e+01 8.292319727015508590e+01 1.682589931246200763e+02 2.340514733553469341e+03 1.965856742071322742e+03 -1.819999999999999929e+01 7.063167240221828222e+07 1.458131047816947557e+03 1.589558898689472471e+03
6.000000000000000000e+00 2.010169686812886880e+02 -1.000729974880695927e+01 1.140563941714699148e+01 2.962154304027554019e+01 -7.155376735237166663e+00 2.191909226017148455e+02 1.826484423830476089e+03 1.814228805272152613e+03 -1.819999999999999929e+01 3.649102183114287257e+07 9.245995366675217610e+02 1.605609934524567052e+03
7.000000000000000000e+00 2.010053071179139863e+02 -9.974454204220165821e+00 1.347121010368864624e+01 8.030542499557721925e+00 8.527955249991958908e+01 2.192347198721307393e+02 1.813430844111999249e+03 1.139194824944008587e+03 -1.819999999999999929e+01 5.689868419226830453e+07 6.995452025207135875e+02 9.686195784943565741e+02
8.000000000000000000e+00 2.010147857051656217e+02 -1.008042782773026858e+01 1.072446605583061263e+01 2.514931965104917211e+01 9.533597344498426551e+00 1.773691767127130277e+02 1.345449333434122764e+03 3.147911354801891775e+03 -1.819999999999999929e+01 3.165244536705678329e+07 8.845866370586254561e+02 3.022578899505239860e+03
