# id ra dec s L A b x y a flux x_0 y_0
0.000000000000000000e+00 1.171652198060480146e+02 -2.071192746035288934e+01 4.753364254567467029e+00 3.701049423043767206e+02 8.988433990594924694e+01 2.422008262680967050e+02 1.090984547561101635e+03 5.427987632416909491e+02 6.540000000000000568e+01 3.754761440078121144e+06 1.705979025267324687e+03 4.186100303403521821e+02
1.000000000000000000e+00 1.171438567054969297e+02 -2.071031956392733520e+01 1.821575971615233325e+00 3.787079793318807788e+02 9.018248163302166631e+01 2.426823227915544692e+02 9.025465674768986446e+02 8.803922701866857778e+02 6.540000000000000568e+01 1.424116597442827001e+07 1.321302177546647044e+03 3.867624324621965002e+02
2.000000000000000000e+00 1.170957104237065778e+02 -2.072063107506879831e+01 3.840761156118697173e+00 3.700764187505038763e+02 8.985376800926091789e+01 2.421590712734102908e+02 7.203750191992247665e+02 1.750840568930008885e+03 6.540000000000000568e+01 3.373369478949980810e+06 4.537924287613643628e+02 5.834902520584500962e+02
3.000000000000000000e+00 1.171512102529418797e+02 -2.072916378510861080e+01 9.678714100983308199e+00 3.701673819956935176e+02 9.007689203501078623e+01 2.433952054834910541e+02 1.287128562918213674e+03 9.109360224311280945e+02 6.540000000000000568e+01 4.752195871135601774e+06 1.452891810867803997e+03 7.499001618361248802e+02
4.000000000000000000e+00 1.171381460359259137e+02 -2.073711724070610529e+01 1.764629676622274879e+00 3.778488332402191645e+02 8.997420918806695056e+01 2.420113461846875680e+02 1.328083487731492141e+03 1.188972119779029526e+03 6.540000000000000568e+01 1.340436448832151853e+07 1.217288562246414131e+03 9.025107722384229874e+02
5.000000000000000000e+00 1.171493312035181162e+02 -2.071760335288152177e+01 5.021792418092479338e+00 3.701042637650494385e+02 8.998295377028821918e+01 2.429676617618883938e+02 1.070699861604374519e+03 8.494285331693370154e+02 6.540000000000000568e+01 2.561479434446870815e+06 1.419572104112360876e+03 5.272317640877654412e+02
6.000000000000000000e+00 1.171385510002440924e+02 -2.072954170228195281e+01 1.789365754145658682e+00 3.780074680624751977e+02 9.007952369896875666e+01 2.423768632449562688e+02 1.198230621229192820e+03 1.121409281934538512e+03 6.540000000000000568e+01 1.226694927223544940e+07 1.224910113992869810e+03 7.566637225767185555e+02
7.000000000000000000e+00 1.170900867798364686e+02 -2.072823251311620396e+01 5.058102433695082389e+00 3.708556793537989051e+02 8.981473975369260643e+01 2.424775559570501855e+02 8.101746816530626347e+02 1.903007630911034312e+03 6.540000000000000568e+01 4.615871781208356842e+06 3.522322272332484090e+02 7.296566136568183083e+02
8.000000000000000000e+00 1.171381164633786653e+02 -2.072389796344757684e+01 1.025005784474185866e+01 3.701966654619589576e+02 9.021153028073732116e+01 2.434874487430552961e+02 1.096509536403232687e+03 1.082330386798602831e+03 6.540000000000000568e+01 4.980884862632402219e+06 1.217330221788118251e+03 6.479788840831689640e+02
9.000000000000000000e+00 1.171439875039528005e+02 -2.071060279177919483e+01 1.822186599865561751e+00 3.787206115700188889e+02 8.985531117097674780e+01 2.414892620184775183e+02 9.085271435988096300e+02 8.804999411901789017e+02 6.540000000000000568e+01 1.424567124359752052e+07 1.323645364899876768e+03 3.922211632002584452e+02
1.000000000000000000e+01 1.171515863277357710e+02 -2.072595135047909309e+01 1.075190869353487777e+01 3.702035835632420344e+02 9.009361584311237436e+01 2.434069661641362359e+02 1.233885627830608883e+03 8.802143397444930315e+02 6.540000000000000568e+01 4.987494003417562693e+06 1.459808883775496042e+03 6.880617000335248576e+02
1.100000000000000000e+01 1.171091871243408491e+02 -2.072744975755054497e+01 2.255356496722481729e+00 3.788861984163952457e+02 8.997179078061441260e+01 2.424275370651283197e+02 9.401910990642817296e+02 1.585573730491314564e+03 6.540000000000000568e+01 3.834584118259766139e+06 6.962181602831099099e+02 7.152629898752212512e+02
1.200000000000000000e+01 1.171321162704778516e+02 -2.072951515760981067e+01 1.773503584108479192e+00 3.778329955311032791e+02 9.008592763549323479e+01 2.422952501873609776e+02 1.149287188383344301e+03 1.226931802997077739e+03 6.540000000000000568e+01 1.520048556414938159e+07 1.109036426803045515e+03 7.558986632595388073e+02
1.300000000000000000e+01 1.171641333842116381e+02 -2.071304184449909513e+01 4.053248496422147795e+00 3.699998104301854482e+02 8.995408559436226881e+01 2.425520949101604913e+02 1.103016362435570954e+03 5.692174550996386415e+02 6.540000000000000568e+01 2.090594990829528775e+06 1.686360689458611432e+03 4.400207174785623465e+02
1.400000000000000000e+01 1.170938678163246180e+02 -2.073849492036896436e+01 8.378695990017021700e+00 3.702067995697251490e+02 9.019276671542895940e+01 2.429906802185076913e+02 1.018779179091135575e+03 1.925283699036039479e+03 6.540000000000000568e+01 4.533363923229911365e+06 4.199296254228679004e+02 9.273843960960833783e+02
1.500000000000000000e+01 1.171179370320247983e+02 -2.072151529167526718e+01 6.500665060535618878e+00 3.701341047258051731e+02 8.975488248556739279e+01 2.421172293533868469e+02 9.029906220848841940e+02 1.394101162708457878e+03 6.540000000000000568e+01 3.907400485758742783e+06 8.540289127368561140e+02 6.013218476778089325e+02
1.600000000000000000e+01 1.171566221618478210e+02 -2.073304216948723777e+01 8.110060848474109463e+00 3.701930836774153590e+02 9.020222622876667629e+01 2.436933673076455307e+02 1.395454808885175680e+03 8.543496859254757965e+02 6.540000000000000568e+01 4.900280319664398208e+06 1.550171358170175154e+03 8.248014295285381650e+02
1.700000000000000000e+01 1.171613721361291596e+02 -2.073449144612243700e+01 3.985952181066865219e+00 3.701011532871244185e+02 9.008213802241587587e+01 2.430062878463924108e+02 1.457179143273075852e+03 7.881100544475802963e+02 6.540000000000000568e+01 2.761089441983818077e+06 1.635638874288683382e+03 8.529065668222115164e+02
1.800000000000000000e+01 1.171152010907933345e+02 -2.073233991852762159e+01 6.513497458728219947e+00 3.700805198342103495e+02 9.029586490860702952e+01 2.425759282826396941e+02 1.071084831119160981e+03 1.525869872569723611e+03 6.540000000000000568e+01 3.652267628912112210e+06 8.043183118918385617e+02 8.096423401744609691e+02
1.900000000000000000e+01 1.171261727570762474e+02 -2.072756276781037599e+01 5.847520426711629860e+00 3.700958101663937896e+02 9.027715524988504114e+01 2.417734100374896400e+02 1.070062680326865802e+03 1.307283369509871591e+03 6.540000000000000568e+01 3.472413473599464633e+06 1.002089356277349339e+03 7.180758931569328070e+02
2.000000000000000000e+01 1.171051187062246015e+02 -2.073803596101457103e+01 6.516091533191501028e+00 3.702058389291633489e+02 8.978697338936041206e+01 2.418131428630285598e+02 1.095039089018030381e+03 1.736659818344602627e+03 6.540000000000000568e+01 3.349106451334282290e+06 6.225371693128749939e+02 9.189467089336321806e+02
2.100000000000000000e+01 1.171042446256109315e+02 -2.074185669568538160e+01 6.958091269612196150e+00 3.700996887484816398e+02 9.002674139198816761e+01 2.446458183990494035e+02 1.155829434419905283e+03 1.782351727553865885e+03 6.540000000000000568e+01 3.273475821684497409e+06 6.066477244995952560e+02 9.924811720921750293e+02
2.200000000000000000e+01 1.171440128659002937e+02 -2.075870945439035964e+01 4.389866730554738083e+00 3.699997516173447138e+02 8.998820151766159370e+01 2.427758268905647299e+02 1.749906465012305489e+03 1.266850115709197325e+03 6.540000000000000568e+01 2.532590168808768503e+06 1.321978208982689011e+03 1.318491844446743926e+03
2.300000000000000000e+01 1.171419310155988427e+02 -2.075837930256462727e+01 6.891963763294693734e+00 3.701041550849327564e+02 9.002939842948988769e+01 2.429207668374857008e+02 1.727976904085817978e+03 1.298863636201372174e+03 6.540000000000000568e+01 3.334949332778116688e+06 1.284510648099805621e+03 1.312050951281189327e+03
2.400000000000000000e+01 1.171296670022915265e+02 -2.075663754518883053e+01 9.882974824955530480e+00 3.702059061771237225e+02 9.015057242292509443e+01 2.427373203297263444e+02 1.605563262412645145e+03 1.485546136813574321e+03 6.540000000000000568e+01 5.107431084929947741e+06 1.063780523981810347e+03 1.278029337809733079e+03
2.500000000000000000e+01 1.171294537179077224e+02 -2.075864871264474587e+01 9.770851967172710317e+00 3.702072094252098964e+02 8.994092820400922506e+01 2.423363465136729644e+02 1.639208698985702995e+03 1.504643090800914479e+03 6.540000000000000568e+01 4.642630919077854604e+06 1.059855228226749887e+03 1.316744779386420532e+03
2.600000000000000000e+01 1.171081276192743417e+02 -2.076471618708570688e+01 3.291939835216055599e+00 3.700968075505269894e+02 9.004808966637219214e+01 2.430389570853548946e+02 1.584188800578006976e+03 1.902657922233032423e+03 6.540000000000000568e+01 3.127394953746307641e+06 6.756558502886465476e+02 1.432766440413111241e+03
2.700000000000000000e+01 1.171373720916870553e+02 -2.076656685812459457e+01 4.363186136952576177e+00 3.699997591407158097e+02 8.993621888873680348e+01 2.427286694226118016e+02 1.836904953701186059e+03 1.438957650412343583e+03 6.540000000000000568e+01 2.512511810566505883e+06 1.202075850844415754e+03 1.469514627461656801e+03
2.800000000000000000e+01 1.171418705624250407e+02 -2.076777858396049226e+01 2.123752269703155893e+00 3.781634534039200162e+02 9.004157295828009921e+01 2.429680189655066158e+02 1.891827287112899057e+03 1.375899784806601474e+03 6.540000000000000568e+01 4.303877232675920241e+06 1.283009702676851020e+03 1.493025535896466181e+03
2.900000000000000000e+01 1.171510960806688644e+02 -2.076727092919256634e+01 4.382518739174886768e+00 3.699997895015466725e+02 8.998295041656035664e+01 2.427405533521801715e+02 1.952908593083048117e+03 1.220504253575300254e+03 6.540000000000000568e+01 2.149644890198715962e+06 1.449120587803981607e+03 1.483627083015411699e+03
3.000000000000000000e+01 1.171647686250363165e+02 -2.077357673762032064e+01 5.933977479032254365e+00 3.701733225922888550e+02 8.970837721640295115e+01 2.428024735985877385e+02 2.165711559741249403e+03 1.047689760365246457e+03 6.540000000000000568e+01 4.735892675204738975e+06 1.694975988787850611e+03 1.605616134455460497e+03
