# id ra dec s L A b x y a flux x_0 y_0
0.000000000000000000e+00 1.553856220449828811e+02 5.792920556863499826e+00 1.869338314585040628e+00 1.415671232721062722e+02 8.959957753660566482e+01 2.251712067090731750e+02 2.046008273531805628e+02 1.776562505511006066e+03 8.109999999999999432e+01 3.133323960180233233e+06 3.382352773340909948e+02 1.536961615143870858e+02
1.000000000000000000e+00 1.553151112737803317e+02 5.798010634135756902e+00 3.706158547722261165e+00 1.444958062901059748e+02 9.000200805044148922e+01 2.282772826867357026e+02 5.099844732727487440e+02 4.569901890442015997e+02 8.109999999999999432e+01 3.014380562501597451e+05 1.688850784183330688e+03 2.516905187628598526e+02
2.000000000000000000e+00 1.553315470011251307e+02 5.811256979048978089e+00 2.216590333260573420e+00 1.426003032932989925e+02 8.963391034903148125e+01 2.253289262233847126e+02 7.132524414327126578e+02 8.080784032169420925e+02 8.109999999999999432e+01 9.114818959645117866e+05 1.374022732751833246e+03 5.067124798655653422e+02
3.000000000000000000e+00 1.553351187306592749e+02 5.840900584787351413e+00 1.039403101211921943e+01 1.603026689585700808e+02 8.997642531326293636e+01 2.279017423210857771e+02 1.266909810882556485e+03 9.632370234832675351e+02 8.109999999999999432e+01 1.568409396457765717e+06 1.305596075569702862e+03 1.077445564101080208e+03
4.000000000000000000e+00 1.553795621462171539e+02 5.852773543783389876e+00 2.133013418684160278e+00 1.415831998467869823e+02 8.962955289805444181e+01 2.244132614263701555e+02 1.361159120919239058e+03 1.839924453479980684e+03 8.109999999999999432e+01 1.781764598755308986e+07 4.543789268529368428e+02 1.306052336908816415e+03
5.000000000000000000e+00 1.553196349430692749e+02 5.857984606751234224e+00 1.796635542950674402e+00 1.413625559651437982e+02 8.998687184717984167e+01 2.277867010612027343e+02 1.637975309684059994e+03 7.214690044518009699e+02 8.109999999999999432e+01 4.090588241185343359e+06 1.602142189464864941e+03 1.406377807351179399e+03
6.000000000000000000e+00 1.553331619653768598e+02 5.886263692868186403e+00 3.457734158087073073e+00 1.463883765478011014e+02 8.960462087264463094e+01 2.254327168810943363e+02 2.135700981773110470e+03 1.061559745278044375e+03 8.109999999999999432e+01 6.230326481288797222e+05 1.343051039337804923e+03 1.950828721694562773e+03
7.000000000000000000e+00 1.553871650251932124e+02 5.887202662372080120e+00 4.235792993767901748e+00 1.516239458062015331e+02 8.999683076693798967e+01 2.281719426417119223e+02 1.993471239203440291e+03 2.086831349476799005e+03 8.109999999999999432e+01 6.379807934210344683e+05 3.088111034495368585e+02 1.968929925027533727e+03
8.000000000000000000e+00 1.553835042674565159e+02 5.900525616696723041e+00 1.889394839500105006e+00 1.415930147171079909e+02 8.960097759718600230e+01 2.252611885608797309e+02 2.258195831887824625e+03 2.057091633096409623e+03 8.109999999999999432e+01 1.861856454316985328e+06 3.789369572205355894e+02 2.225433232486384441e+03
9.000000000000000000e+00 1.553539379181725906e+02 5.920107283606312443e+00 1.756203100865347810e+00 1.411116590341341350e+02 8.996632878372953712e+01 2.278248231786176916e+02 2.718164250587511106e+03 1.555623767398158179e+03 8.109999999999999432e+01 6.504419052364563569e+06 9.451672707763179915e+02 2.602418900803698762e+03
1.000000000000000000e+01 1.553702120365531698e+02 5.923653146572919859e+00 2.067418568791362432e+00 1.418875731669373010e+02 8.960002806394997776e+01 2.254981763534329673e+02 2.737177523902995290e+03 1.874252952362303859e+03 8.109999999999999432e+01 1.452210617122755619e+06 6.335152603765359345e+02 2.670695654875449236e+03
1.100000000000000000e+01 1.553489519104692533e+02 5.928201284081405120e+00 6.172564752558454160e+00 1.529469563287069320e+02 8.999597570082038089e+01 2.282710310338946726e+02 2.887012030609308567e+03 1.485218327438981760e+03 8.109999999999999432e+01 6.115879298519550357e+05 1.040651351881018854e+03 2.758252403745073480e+03
1.200000000000000000e+01 1.553584517026462208e+02 5.930525196426646772e+00 1.738701108784584282e+00 1.410461083551964805e+02 8.958200730296854886e+01 2.238470886604716554e+02 2.902110738769110867e+03 1.672346632307949903e+03 8.109999999999999432e+01 2.176762794927719980e+07 8.587307489856848406e+02 2.802996756381102387e+03
1.300000000000000000e+01 1.553882431598584333e+02 5.937016007101544979e+00 1.890261985609530626e+00 1.417212785598114237e+02 8.976343754377008111e+01 2.267067673012557520e+02 2.937439094581232894e+03 2.256100886957642615e+03 8.109999999999999432e+01 1.813703070706337923e+06 2.882344940311763821e+02 2.927991000387852182e+03
1.400000000000000000e+01 1.553607503839471065e+02 5.961898546696960288e+00 1.923658504814100167e+00 1.416044039574941280e+02 8.978739232466405440e+01 2.270257776704584671e+02 3.492864708415843324e+03 1.809046287805849488e+03 8.109999999999999432e+01 1.389395137201867532e+06 8.147255517505877833e+02 3.407029509903156850e+03
1.500000000000000000e+01 1.553533843517626849e+02 5.965783393860216499e+00 1.776422414020452090e+00 1.411552213675041116e+02 8.975472174472693609e+01 2.266909491246654795e+02 3.588353465060507915e+03 1.681718687774749469e+03 8.109999999999999432e+01 3.122154386488068849e+06 9.557774594817481102e+02 3.481822095272597380e+03
1.600000000000000000e+01 1.553100799859391827e+02 5.973527256642038097e+00 1.793318867147019713e+00 1.414537347977946240e+02 8.979246439327080509e+01 2.269303337769523807e+02 3.864247944653993727e+03 8.853705985841198753e+02 8.109999999999999432e+01 2.696852629241411574e+06 1.784990607990404442e+03 3.630938710584025102e+03
1.700000000000000000e+01 1.553426595005367687e+02 5.975284395320293207e+00 2.554361342010444513e+00 1.434070162960393020e+02 8.977943617120574515e+01 2.267824939170345431e+02 3.800695702188971154e+03 1.506301944929792171e+03 8.109999999999999432e+01 7.711116782852953766e+05 1.161142988355884199e+03 3.664744765102397650e+03
1.800000000000000000e+01 1.553362813528167692e+02 6.007018784972122383e+00 6.308348765408662295e+00 1.613059651917371866e+02 8.992643957209381256e+01 2.268654322460078276e+02 4.423328418183626127e+03 1.480367940649106458e+03 8.109999999999999432e+01 9.556744249209966511e+05 1.283261490323375938e+03 4.275728535304727302e+03
1.900000000000000000e+01 1.553296522290629582e+02 6.007705130240088565e+00 2.971317830622850931e+00 1.446208425769230530e+02 8.965473909266140140e+01 2.258384417175701344e+02 4.455718882498078528e+03 1.356502547443473532e+03 8.109999999999999432e+01 7.133123858902289066e+05 1.410190676091227942e+03 4.288946140618136269e+03
2.000000000000000000e+01 1.553434803302587000e+02 5.987377373887929011e+00 1.807393404237042533e+00 1.413188481477056939e+02 8.990817875994825670e+01 2.276521199895394147e+02 4.028587687412267314e+03 1.557066418636722574e+03 8.109999999999999432e+01 3.115484535619561095e+06 1.145423635048812912e+03 3.897570699397117551e+03
2.100000000000000000e+01 1.553480109254255694e+02 6.011179994294387541e+00 1.749374931565975899e+00 1.411599839841519781e+02 8.967463841213883313e+01 2.255937028903444741e+02 4.467424554251534573e+03 1.714634929240265137e+03 8.109999999999999432e+01 6.340026768057511188e+06 1.058672259318261240e+03 4.355841973394192792e+03
2.200000000000000000e+01 1.553121818109657681e+02 5.986029274416017287e+00 8.300445645411132389e+00 1.655553859569778581e+02 9.000255044209306732e+01 2.348002048670252577e+02 4.094963783705819878e+03 9.621242159212341676e+02 8.109999999999999432e+01 8.323468652233676985e+05 1.744728250384366220e+03 3.871637390127752951e+03
