# id ra dec s L A b x y a flux x_0 y_0
0.000000000000000000e+00 1.405185291428611833e+02 1.883182157735942397e+01 3.526218248792258425e+00 7.390249762437254333e+01 9.252342424364117335e+01 8.780345886979280579e+01 2.723893634301431121e+03 8.260684579913155403e+02 -3.879999999999999716e+01 5.240689774034372531e+06 3.723956736491199990e+02 7.604637230945872943e+02
1.000000000000000000e+00 1.404351308208686646e+02 1.891889627769079851e+01 4.736084314272471119e+00 8.499998557720185488e+01 8.996492571165578056e+01 8.726029240498623096e+01 2.852052134145178115e+03 3.085867601016695517e+03 -3.879999999999999716e+01 3.681744369394468376e+05 1.887365453709188387e+03 2.440961933940257040e+03
2.000000000000000000e+00 1.404831136217750611e+02 1.892253077060793132e+01 3.980870734808827471e+00 7.621396834339972770e+01 9.264751642450731595e+01 8.798803705339642534e+01 2.126919818738971117e+03 2.590594929890458843e+03 -3.879999999999999716e+01 1.367250726188750938e+06 1.013222084342640414e+03 2.508549259672556218e+03
3.000000000000000000e+00 1.404802004657766759e+02 1.892657120239476143e+01 6.476808157113885578e+00 8.186596474977351079e+01 9.197071474391732693e+01 8.785563752974843510e+01 2.120724567359498906e+03 2.684418018946644679e+03 -3.879999999999999716e+01 1.001261549728531507e+06 1.066076343992069269e+03 2.586480239153945149e+03
4.000000000000000000e+00 1.404688933479424122e+02 1.893949715907967501e+01 5.457642498058562275e+00 8.499998810786532033e+01 8.983514521955345344e+01 8.740612179224136469e+01 2.124064764316164201e+03 3.006797312456878899e+03 -3.879999999999999716e+01 3.923987086619741749e+05 1.271343682592343612e+03 2.835896256481641103e+03
5.000000000000000000e+00 1.404344857062284007e+02 1.896187926068510166e+01 4.652396049030764758e+00 7.705823476004806594e+01 9.268649350472450976e+01 8.806410660071439622e+01 2.340079493702316086e+03 3.736586208450120012e+03 -3.879999999999999716e+01 1.057021490239472594e+06 1.896723541353950850e+03 3.268574240270404971e+03
6.000000000000000000e+00 1.404620830686616557e+02 1.897776379672872338e+01 3.547665092637481532e+00 7.418595462116535089e+01 8.998295752294502847e+01 8.703236858570667778e+01 1.757804079803560853e+03 3.658297886815478250e+03 -3.879999999999999716e+01 4.627466736545727588e+06 1.393356883266731529e+03 3.572999916270957783e+03
7.000000000000000000e+00 1.404903813707731786e+02 1.901101258843261022e+01 3.666676691558352630e+00 7.436754019992388010e+01 9.243615779106846730e+01 8.793039360236626578e+01 9.537155179318897353e+02 3.832079278821571734e+03 -3.879999999999999716e+01 2.729252056091527920e+06 8.764686439208508091e+02 4.211791445466181358e+03
8.000000000000000000e+00 1.404863961082087940e+02 1.900396812183717543e+01 3.681697011753100934e+00 7.547900541186349699e+01 9.021172136320653578e+01 8.719786756229750324e+01 1.095750164756746472e+03 3.771831186618319407e+03 -3.879999999999999716e+01 2.623053719869641121e+06 9.493675732680396777e+02 4.076348245126991969e+03
