# id ra dec s L A b x y a flux x_0 y_0
0.000000000000000000e+00 1.557610963174127789e+02 6.490615334174528961e+00 2.108800206058954796e+00 1.415437115094829039e+02 9.076943780739911460e+01 1.732508952226451981e+02 1.094908016938570427e+03 8.935828371023497994e+02 8.109999999999999432e+01 1.751751316300313175e+07 1.348685061813568154e+03 8.962022041785035071e+02
1.000000000000000000e+00 1.557822922003214217e+02 6.438570399204790462e+00 2.036171169586349805e+00 1.414212307892091758e+02 9.061539696058345328e+01 1.733220056109458085e+02 2.147193293556378194e+03 6.472263383678881610e+02 8.109999999999999432e+01 3.218652494486339390e+06 1.754851978865151978e+03 1.898015169153445640e+03
2.000000000000000000e+00 1.557298305202520510e+02 6.413908059063863298e+00 1.864178611812805419e+00 1.400764731548649422e+02 9.012260215750995940e+01 1.711462504073710420e+02 2.461309740110149960e+03 1.712078955391963973e+03 8.109999999999999432e+01 6.527666829926972277e+05 7.513916276513443790e+02 2.373532478586670095e+03
3.000000000000000000e+00 1.557451693196062479e+02 6.404922380026727424e+00 1.964271510404389076e+00 1.407984177083081363e+02 9.060841562533252613e+01 1.737188223702805487e+02 2.677566075859010652e+03 1.448403059559434496e+03 8.109999999999999432e+01 1.564311177167575341e+06 1.044980200944642320e+03 2.546360701327065726e+03
4.000000000000000000e+00 1.557219034858472355e+02 6.377842662111440575e+00 2.011347117151086383e+00 1.407333723771394887e+02 9.003392124290310505e+01 1.711413657236780068e+02 3.124928237264513882e+03 1.968664413101367018e+03 8.109999999999999432e+01 1.602261113923696801e+06 6.001079623686480318e+02 3.068027075862860329e+03
5.000000000000000000e+00 1.557115225111981545e+02 6.350274244238321764e+00 2.006668589324194674e+00 1.405922780005342645e+02 9.056872179984495119e+01 1.739984528069304872e+02 3.618330016245800380e+03 2.247198839633938405e+03 8.109999999999999432e+01 3.845244393251040019e+06 4.017576205232836628e+02 3.598940760461763148e+03
6.000000000000000000e+00 1.557606926496707729e+02 6.347534010808320026e+00 1.888319259569605002e+00 1.403584857701525834e+02 9.008367869437022080e+01 1.714094750724393066e+02 3.814915650444365383e+03 1.324013964735927630e+03 8.109999999999999432e+01 8.157683923768531531e+05 1.342696973281435248e+03 3.651122520063500815e+03
7.000000000000000000e+00 1.557100904229970979e+02 6.314556444645818445e+00 1.840872682110309189e+00 1.388464117333371064e+02 9.019448492613253165e+01 1.740545696363197692e+02 4.293499204221288892e+03 2.380016654457946970e+03 8.109999999999999432e+01 6.493374062081042212e+03 3.747227941089056458e+02 4.286657645175550897e+03
8.000000000000000000e+00 1.557489495425288339e+02 6.311708981009700459e+00 1.489751559384367319e+00 1.380550965556449512e+02 9.044076869961949683e+01 1.734774423102453227e+02 4.462513278445499054e+03 1.653791269380870517e+03 8.109999999999999432e+01 1.349592167077012709e+05 1.118401574138231126e+03 4.341036816055070631e+03
