# id ra dec s L A b x y a flux x_0 y_0
0.000000000000000000e+00 5.347008976419449766e+01 -2.266752338509609643e+01 4.383133422732681694e+00 7.713883175662515157e+01 9.042049525575934865e+01 1.819039987170981476e+02 1.404910882781806549e+03 4.807618595236858710e+02 4.389999999999999858e+01 1.483296953894226579e+06 1.694269393614615183e+03 2.653751090253996381e+02
1.000000000000000000e+00 5.347825589574194538e+01 -2.272589259990525079e+01 3.742865750703590066e+00 7.537866415815027210e+01 9.003213663311517223e+01 1.798570969713736361e+02 2.301949909313760145e+03 1.198608995725860723e+03 4.389999999999999858e+01 4.957505409186331183e+07 1.842978384162273187e+03 1.404511867544885035e+03
2.000000000000000000e+00 5.346010657976545133e+01 -2.275479331760786650e+01 3.103043750117466804e+00 7.435284191099160012e+01 9.044626896851697495e+01 1.818414407678640430e+02 2.457145865349317319e+03 1.827862307815626536e+03 4.389999999999999858e+01 2.936576115956060123e+06 1.519094781280977713e+03 1.964677581174725219e+03
3.000000000000000000e+00 5.341767873842425018e+01 -2.277232630581758599e+01 3.057422169646202281e+00 7.416594780186660785e+01 8.989551442180278684e+01 1.818610513893491145e+02 2.142017535347028570e+03 2.594689219201020478e+03 4.389999999999999858e+01 4.480683096749254502e+06 7.600641288668394964e+02 2.299212892010988071e+03
4.000000000000000000e+00 5.342416489668863022e+01 -2.280573268615223981e+01 2.917733811478296246e+00 7.422636302797052110e+01 9.007677535893098764e+01 1.817573370002167508e+02 2.679565750546179061e+03 2.983023731017117825e+03 4.389999999999999858e+01 6.907756274389668368e+06 8.778075146293588205e+02 2.951436263268818948e+03
5.000000000000000000e+00 5.348181555570235446e+01 -2.282981545047641347e+01 3.192298342698399960e+00 7.499508979091874039e+01 9.052981483928880380e+01 1.818949639043439390e+02 3.756203401890151326e+03 2.611910082370302007e+03 4.389999999999999858e+01 2.569804549124684650e+06 1.910897011868888285e+03 3.430720236295535869e+03
6.000000000000000000e+00 5.347637012559219727e+01 -2.284518894085852736e+01 4.393845840055219831e+00 7.792331690784739351e+01 8.988337292932924072e+01 1.820730331345953061e+02 3.893917361044840163e+03 2.895060618659518695e+03 4.389999999999999858e+01 7.058406122483529616e+05 1.814049990945536820e+03 3.729414471668339047e+03
7.000000000000000000e+00 5.340019632379358683e+01 -2.286289655464819859e+01 2.854407403661304965e+00 7.471179399761651041e+01 9.064779059496348168e+01 1.816844636055665774e+02 3.142723086245398463e+03 4.078992247033791500e+03 4.389999999999999858e+01 6.467417872407983989e+06 4.515976940993205062e+02 4.061640822662202481e+03
8.000000000000000000e+00 5.339792738201124678e+01 -2.286246496254362981e+01 2.853494571405375879e+00 7.473980642563458332e+01 8.989951195197595268e+01 1.818154328143108387e+02 3.107294843105517430e+03 4.100614802527584288e+03 4.389999999999999858e+01 6.467071229822363704e+06 4.109713737194908845e+02 4.052854831032821949e+03
