# id ra dec s L A b x y a flux x_0 y_0
0.000000000000000000e+00 1.170473960373577569e+02 -2.166782159994433599e+01 1.922213504138266860e+00 3.719675281324976481e+02 8.982277952486884942e+01 2.670592789719110556e+02 6.197430294299042544e+02 1.622867748552501325e+03 6.540000000000000568e+01 2.001032587322642282e+07 5.277829136790137454e+02 4.390675119172992140e+02
1.000000000000000000e+00 1.170465595996702177e+02 -2.166354504967527106e+01 1.855661117647853686e+00 3.718188363347116479e+02 9.000268381212059410e+01 2.648624344140164339e+02 7.008294382662305679e+02 1.643835492028732006e+03 6.540000000000000568e+01 7.829996891816934943e+07 5.426115282032101277e+02 5.214358481965030023e+02
2.000000000000000000e+00 1.170465620481563604e+02 -2.166349430814378252e+01 1.869688904792922379e+00 3.718548216035623000e+02 8.982281777954386826e+01 2.641200610445411598e+02 7.017088600559625320e+02 1.643529239289342286e+03 6.540000000000000568e+01 7.909533765984399617e+07 5.425660754141650841e+02 5.224127730004223622e+02
3.000000000000000000e+00 1.170427322829809924e+02 -2.165643292638051776e+01 2.064348126935390049e+00 3.724338457228514017e+02 8.999618007425151234e+01 2.685033368285303936e+02 8.534465008639646157e+02 1.638384995390362974e+03 6.540000000000000568e+01 6.331182556109001860e+06 6.108710818439103605e+02 6.584921704382832104e+02
4.000000000000000000e+00 1.169803752322468426e+02 -2.165646647120564694e+01 1.946018586518520221e+00 3.715840078219005704e+02 8.989150805592117877e+01 2.675457030077021727e+02 1.318887981656686861e+03 6.248768074015289358e+02 6.540000000000000568e+01 1.163500177831112780e+07 1.726739182978487406e+03 6.595064083184693118e+02
5.000000000000000000e+00 1.170146392996771851e+02 -2.165943813011802632e+01 5.271321311445682056e+00 3.701141429610431715e+02 8.996650117567298821e+01 2.684523303834183707e+02 1.010593120114643057e+03 1.158741085548882893e+03 6.540000000000000568e+01 2.832026676401985809e+06 1.113675972686524801e+03 6.014322351213008915e+02
6.000000000000000000e+00 1.170295600956985425e+02 -2.166879337452284560e+01 6.707205211260069078e+00 3.701091721909706962e+02 9.016803605172782454e+01 2.658421051956404995e+02 7.354769431793080230e+02 1.325232326319280219e+03 6.540000000000000568e+01 3.428682737953779288e+06 8.469593347169814024e+02 4.208869485683657103e+02
7.000000000000000000e+00 1.170344209444592138e+02 -2.166677799669256288e+01 5.457180119851520850e+00 3.701104865156435721e+02 8.986484845216025974e+01 2.673577011706721009e+02 7.350615531600263921e+02 1.420836811920063838e+03 6.540000000000000568e+01 2.592433689371527638e+06 7.599203414847131626e+02 4.595510200840796529e+02
8.000000000000000000e+00 1.169864562530295871e+02 -2.166643457425483987e+01 4.656280567265309145e+00 3.699998462503793917e+02 9.010681989055846941e+01 2.685717410663299916e+02 1.098665041582775757e+03 6.440301821914948732e+02 6.540000000000000568e+01 2.050846455862562172e+06 1.618170156255219126e+03 4.674346933779111168e+02
9.000000000000000000e+00 1.170413095679485025e+02 -2.166388761627999671e+01 3.677422086164926718e+00 3.699998071225080594e+02 8.996128580837306288e+01 2.675686502733707925e+02 7.340123022361874519e+02 1.556792527961371434e+03 6.540000000000000568e+01 1.788546012566999998e+06 6.365664973732682483e+02 5.149993292742744870e+02
1.000000000000000000e+01 1.170203931161002231e+02 -2.164891923324348610e+01 4.348378032254236025e+00 3.699998236646647456e+02 8.995429066443583110e+01 2.682143446955266199e+02 1.151792167116314431e+03 1.335456026539675577e+03 6.540000000000000568e+01 2.020787798651775811e+06 1.010408145391341691e+03 8.038097359290882196e+02
1.100000000000000000e+01 1.170148821578869729e+02 -2.164907644095159256e+01 8.783303132042117767e+00 3.702185249659482338e+02 8.975411181220137280e+01 2.681639311214811983e+02 1.190625273137004115e+03 1.244611642835313432e+03 6.540000000000000568e+01 4.135429481896102428e+06 1.109035235661814568e+03 8.009333466930251006e+02
1.200000000000000000e+01 1.170540270989482110e+02 -2.162800019791565731e+01 5.357411680781158481e+00 3.699998299777327020e+02 9.039531340337569532e+01 2.690182306516363155e+02 1.266353571003128536e+03 2.051975219149932400e+03 6.540000000000000568e+01 3.490402620800655335e+06 4.078071730007944780e+02 1.205596837251346869e+03
1.300000000000000000e+01 1.170537838293978865e+02 -2.164433563052967813e+01 3.453850251865899335e+00 3.699997924764825825e+02 8.999996074105320076e+01 2.689417567664538069e+02 9.826956636102150924e+02 1.916124708747463956e+03 6.540000000000000568e+01 2.220857946539632976e+06 4.127034480527478308e+02 8.910771102967263460e+02
1.400000000000000000e+01 1.170341116420044614e+02 -2.164388914503529548e+01 4.485357467337255599e+00 3.701140788405492685e+02 8.983826870901482664e+01 2.679704913232386616e+02 1.137771860798412035e+03 1.599722798222141364e+03 6.540000000000000568e+01 2.468289284028969705e+06 7.647499208247570550e+02 9.002708008469874130e+02
1.500000000000000000e+01 1.170250160393248819e+02 -2.164336546605173695e+01 4.013192576390371080e+00 3.701137574938395005e+02 8.999142090501399593e+01 2.686196252005128144e+02 1.214944635523561146e+03 1.456370347499038189e+03 6.540000000000000568e+01 3.007038869286979549e+06 9.275126011155392689e+02 9.106147893567816709e+02
1.600000000000000000e+01 1.170309762573327959e+02 -2.163982763700139955e+01 4.152360014519296705e+00 3.699998146664015053e+02 8.993205289210311548e+01 2.680634350553289664e+02 1.231750268948627081e+03 1.581400740580537786e+03 6.540000000000000568e+01 2.111370242208708078e+06 8.207383884762182333e+02 9.785633431392307102e+02
1.700000000000000000e+01 1.170080264468261362e+02 -2.164168158869029668e+01 9.157160609305451615e+00 3.702121186929191481e+02 9.019605598435825300e+01 2.682499660243645394e+02 1.371504331051292183e+03 1.192743542332188099e+03 6.540000000000000568e+01 4.396057021077047102e+06 1.231518646841430609e+03 9.434984623471623308e+02
1.800000000000000000e+01 1.170560218128574377e+02 -2.163786579421330813e+01 4.280674455750047791e+00 3.702280835413033628e+02 8.959968147381394488e+01 2.671818424307435862e+02 1.078661826484596077e+03 2.005788356599522785e+03 6.540000000000000568e+01 2.691163422839658335e+06 3.724351854864739266e+02 1.015578756113698660e+03
1.900000000000000000e+01 1.170382765616794956e+02 -2.163367735422388805e+01 1.889596718921454199e+00 3.717196269975914902e+02 9.020021157139112233e+01 2.687170508907032058e+02 1.284450656042546370e+03 1.749788020200180199e+03 6.540000000000000568e+01 2.041695226077041402e+07 6.898932569506062009e+02 1.096769028143028436e+03
2.000000000000000000e+01 1.170091909465492250e+02 -2.164147445224156030e+01 8.151094655221589491e+00 3.700859241884232915e+02 9.012672747902735182e+01 2.690183956676374919e+02 1.365687445981067640e+03 1.214163019915409450e+03 6.540000000000000568e+01 3.889331440683460794e+06 1.210672320150199994e+03 9.474561362286437998e+02
2.100000000000000000e+01 1.169814835413063321e+02 -2.162698613505444456e+01 4.472759004962567175e+00 3.699998379847734213e+02 8.989120603075394911e+01 2.674891411760519304e+02 1.826828367756845864e+03 8.807117798224905982e+02 6.540000000000000568e+01 2.513318804416422267e+06 1.706186795006538432e+03 1.227102858606231848e+03
2.200000000000000000e+01 1.169904716633990347e+02 -2.161988558432991780e+01 3.687065652344855948e+00 3.699998437913758949e+02 8.999666602450898267e+01 2.720044283170761901e+02 1.883996079925359254e+03 1.083018869978767725e+03 6.540000000000000568e+01 1.342877837978021707e+06 1.545133351961884728e+03 1.363605529367840290e+03
2.300000000000000000e+01 1.170474207686563091e+02 -2.161504030593476955e+01 3.491538804122863215e+00 3.700638159737582100e+02 8.955471678231855037e+01 2.678518849165173492e+02 1.542624095402587045e+03 2.048948348452995560e+03 6.540000000000000568e+01 6.049132313030846417e+06 5.256294411910996587e+02 1.455334954296983597e+03
2.400000000000000000e+01 1.170382638046880004e+02 -2.163369030569852569e+01 1.890002256165415728e+00 3.717250089701817615e+02 9.024510413199419645e+01 2.689277017413981525e+02 1.284321794926018129e+03 1.749277538964191081e+03 6.540000000000000568e+01 2.042067049053754658e+07 6.901219822275015758e+02 1.096520035504439875e+03
2.500000000000000000e+01 1.169889001966898121e+02 -2.160509878695048869e+01 1.881072011222992835e+00 3.714024324801248440e+02 8.958068830970609042e+01 2.637116358717963749e+02 2.154385614564228945e+03 1.176848197812447779e+03 6.540000000000000568e+01 6.840808671441297233e+07 1.572887152499483591e+03 1.648350072703486148e+03
2.600000000000000000e+01 1.169834656823677932e+02 -2.161386516234764343e+01 1.982940116041244760e+00 3.717517410170407857e+02 9.027198578239453752e+01 2.694663034871039713e+02 2.041285138024229582e+03 1.017344568950446728e+03 6.540000000000000568e+01 6.750247185753909871e+06 1.670386405744186504e+03 1.479689974966335058e+03
2.700000000000000000e+01 1.170264321199456390e+02 -2.159790817450845424e+01 1.855350782649651142e+00 3.713636574220071225e+02 8.950920240633567460e+01 2.658765778441174916e+02 1.999670512453553101e+03 1.845368013842189157e+03 6.540000000000000568e+01 2.301070086674047261e+07 9.008122088605372255e+02 1.785818335209350153e+03
2.800000000000000000e+01 1.169927646266971237e+02 -2.162086901180352072e+01 6.677722135418940219e+00 3.701055078239776321e+02 9.009186536144800073e+01 2.700215612500944644e+02 1.849425066506231815e+03 1.113086164562709428e+03 6.540000000000000568e+01 2.930529994017194957e+06 1.504116479650544534e+03 1.344614760169795773e+03
2.900000000000000000e+01 1.169930493607967890e+02 -2.161043665359176558e+01 5.998141482943269764e+00 3.701123943666060541e+02 8.975443563924939383e+01 2.676125555954997708e+02 2.029544005825802969e+03 1.200152867551311374e+03 6.540000000000000568e+01 3.071996121080085635e+06 1.498750735845083454e+03 1.545473843161010564e+03
3.000000000000000000e+01 1.170235333715770594e+02 -2.158872928674128389e+01 1.803497687676685279e+00 3.711475189752584924e+02 9.002975355139169267e+01 2.648762479974969324e+02 2.181874143476122754e+03 1.871942650820374865e+03 6.540000000000000568e+01 8.406423593393115699e+07 9.524345321281448378e+02 1.962630650342527133e+03
