# id ra dec s L A b x y a flux x_0 y_0
0.000000000000000000e+00 1.847577624697026124e+02 4.849149649777413629e+01 4.940519443372160424e+00 3.600175891458932256e+02 8.970381821208736994e+01 5.340113937470886185e+01 2.672520121502131133e+03 1.758857726856904492e+03 -2.910000000000000142e+01 8.883620295702787116e+05 1.216257109988072898e+03 1.335189538262185806e+03
1.000000000000000000e+00 1.847658924032131438e+02 4.850095385709481377e+01 3.004719370334777206e+00 3.599999973696156985e+02 9.000004227719306016e+01 5.000497514745744354e+01 2.492998077029555134e+03 1.866999714494721275e+03 -2.910000000000000142e+01 1.444741157178414753e+06 1.111489869651960362e+03 1.516920479046163791e+03
2.000000000000000000e+00 1.847526518221828837e+02 4.851969190333588955e+01 2.932440256755779018e+00 3.599994458601419751e+02 8.971531420353699104e+01 5.339270668241032070e+01 2.464116663214989785e+03 2.264678427251699304e+03 -2.910000000000000142e+01 8.758010781042613089e+05 1.279684832523928662e+03 1.878850689740168946e+03
3.000000000000000000e+00 1.847387029210032949e+02 4.853185953227993821e+01 1.794206600029452980e+00 3.613892777545762556e+02 8.997449086424049369e+01 5.327290755718406245e+01 2.504936663019554544e+03 2.556545625145530266e+03 -2.910000000000000142e+01 7.065006852126249112e+06 1.457311876012089897e+03 2.114243293857075514e+03
4.000000000000000000e+00 1.847698980782528224e+02 4.853876246874950340e+01 1.771443608525195001e+00 3.610212391911560985e+02 8.972046888490724825e+01 5.250707049164248730e+01 2.091191425220147721e+03 2.476385615748374221e+03 -2.910000000000000142e+01 1.979703931406627223e+07 1.057649510426618235e+03 2.245251553211850023e+03
5.000000000000000000e+00 1.847850883511126767e+02 4.857398034860545977e+01 1.786345743320957524e+00 3.610191202392493324e+02 8.998142899896892288e+01 5.317601203442605851e+01 1.589358187208584013e+03 2.973231212129642699e+03 -2.910000000000000142e+01 9.060708107770590112e+06 8.610502661811896132e+02 2.922986081337050564e+03
6.000000000000000000e+00 1.847747253151883911e+02 4.858755882297025863e+01 4.199696411549932229e+00 3.600084490865074827e+02 8.965573045191746360e+01 5.341260619468042137e+01 1.576603178413769228e+03 3.265978042346845996e+03 -2.910000000000000142e+01 8.892216049071777379e+05 9.926543719941782911e+02 3.185269051185316584e+03
7.000000000000000000e+00 1.847319294221001655e+02 4.862087050448956660e+01 2.889474906500227203e+00 3.599994024270526438e+02 9.000744572582760838e+01 5.360613592120384396e+01 1.738694945513810808e+03 4.094784224665167130e+03 -2.910000000000000142e+01 9.071536903378998395e+05 1.537133093147111367e+03 3.829951621022899417e+03
8.000000000000000000e+00 1.847640114062755856e+02 4.864422698027457415e+01 1.920125754955701813e+00 3.603674377739466763e+02 8.965156191030261823e+01 5.250998023487044719e+01 1.161545624453062146e+03 4.286349341729781372e+03 -2.910000000000000142e+01 1.955560096414131299e+07 1.125701386325435351e+03 4.277934306385684977e+03
