# id ra dec s L A b x y a flux x_0 y_0
0.000000000000000000e+00 1.411527468647341550e+02 1.925593318567433343e+01 2.993502670840082924e+00 7.830638993523234603e+01 9.069663396960737600e+01 1.030773646616367785e+02 3.188250434197366303e+03 4.652090309672653348e+02 -3.879999999999999716e+01 2.705536556071456522e+06 5.069869356288616586e+02 1.886054317944007437e+02
1.000000000000000000e+00 1.412256187422176197e+02 1.924310951772231704e+01 8.275682380881132616e+00 8.500611594036853091e+01 9.035458602761934799e+01 1.029050255146599824e+02 4.067015180180516836e+03 1.486595088116865782e+03 -3.879999999999999716e+01 7.060581141115410719e+05 1.831912674963231666e+03 4.336903532150449792e+02
2.000000000000000000e+00 1.411898463710809040e+02 1.924239093418117719e+01 4.723570735187474945e+00 8.499998898954291349e+01 9.000347906645797025e+01 1.030343509646228028e+02 3.550077984514223317e+03 1.090047632890944669e+03 -3.879999999999999716e+01 3.937856331167401513e+05 1.181670867461769603e+03 4.484853722463005852e+02
3.000000000000000000e+00 1.411595438047094149e+02 1.921613975129938012e+01 3.187739781633790237e+00 7.876126758325520427e+01 9.081801197389198421e+01 1.031199711248254260e+02 2.804141118264034958e+03 1.140371349563914919e+03 -3.879999999999999716e+01 1.706425349376548547e+06 6.314381008816561689e+02 9.546164341695864550e+02
4.000000000000000000e+00 1.411403923336334572e+02 1.921663858176998829e+01 4.362787587244490339e+00 8.499998911321442563e+01 8.988799333050836537e+01 1.028580735619325566e+02 2.539089518714580663e+03 9.148047736180323000e+02 -3.879999999999999716e+01 3.718795921549027553e+05 2.832432057208160927e+02 9.454100336822971258e+02
5.000000000000000000e+00 1.412177584673417812e+02 1.920015622391805010e+01 2.876868587959078738e+00 7.796795439902619762e+01 9.091827215465855261e+01 1.030259211938664379e+02 3.438158812934936122e+03 2.042418058469451807e+03 -3.879999999999999716e+01 5.513572599785323255e+06 1.690284997604967430e+03 1.260908658509054931e+03
6.000000000000000000e+00 1.411780585591880879e+02 1.918521226910536726e+01 9.690668274739781651e+00 8.500666870288917210e+01 8.993762329581785764e+01 1.028064305902664444e+02 2.693093077854543480e+03 1.815032706408584545e+03 -3.879999999999999716e+01 8.113296330569380661e+05 9.688162786870848322e+02 1.549651142455425997e+03
7.000000000000000000e+00 1.412033219024097548e+02 1.918090173388224073e+01 2.956580903864913790e+00 7.798556981103793362e+01 9.086276949368873090e+01 1.030708884229168376e+02 3.000719188899746769e+03 2.167042473780340060e+03 -3.879999999999999716e+01 3.945335470300178975e+06 1.428324887314173566e+03 1.632011841238515899e+03
8.000000000000000000e+00 1.411564738145283400e+02 1.917116600843132090e+01 8.265144398390406266e+00 8.500631410837456770e+01 9.001359149983724706e+01 1.028321496009712490e+02 2.219052791881085341e+03 1.780896575776363761e+03 -3.879999999999999716e+01 6.650817751905982150e+05 5.766355517774911732e+02 1.820573470211009862e+03
