# id ra dec s L A b x y a flux x_0 y_0
0.000000000000000000e+00 9.470142992863708287e+01 3.929274701266389513e+01 7.215236481154536641e+00 1.830862303500607311e+02 8.899134351531000675e+01 7.032698996785443057e+01 7.869063404663876327e+02 9.474650810829763259e+02 3.650000000000000000e+01 9.347644086841668468e+05 8.161797600777397292e+02 2.193467580495296829e+02
1.000000000000000000e+00 9.466482814884736285e+01 3.929252924798539226e+01 5.225394490689413196e+00 1.798980686104818005e+02 8.985546553649635371e+01 6.994799714502329380e+01 1.226685470409805021e+03 6.199397285166120355e+02 3.650000000000000000e+01 5.621614958835740108e+05 1.364594691145144452e+03 2.179987307021937113e+02
2.000000000000000000e+00 9.465297248780242967e+01 3.930235021912946536e+01 5.020891664648488018e+00 1.754541791666984238e+02 8.946160674097708920e+01 7.024161326157293672e+01 1.481879918851453567e+03 6.700719170350644163e+02 3.650000000000000000e+01 1.279768908679303015e+06 1.539698909652592874e+03 4.099990823791181924e+02
3.000000000000000000e+00 9.464045901656153603e+01 3.931431453209081184e+01 4.459329716845799929e+00 1.758129038296962960e+02 8.979636205930576409e+01 7.004543808478008771e+01 1.769411464671272370e+03 7.479437734167684084e+02 3.650000000000000000e+01 2.251789178150665481e+06 1.724050419332050069e+03 6.437664432025349015e+02
4.000000000000000000e+00 9.472096819872540152e+01 3.931219706919340240e+01 4.155703761087118586e+00 1.716491874992378257e+02 8.918363953812156808e+01 6.929859014541018780e+01 7.723303080123667996e+02 1.428021981877664984e+03 3.650000000000000000e+01 2.186190541231770068e+07 5.187663742676166976e+02 5.961986750790073302e+02
5.000000000000000000e+00 9.472946814961889572e+01 3.930929736283065523e+01 3.988718633186282503e+00 1.719296111393771298e+02 8.969863096253801871e+01 6.931277547602088873e+01 6.361502566625824784e+02 1.456710038014176007e+03 3.650000000000000000e+01 1.622925762048220076e+07 3.921521259297271058e+02 5.391887536682088466e+02
6.000000000000000000e+00 9.468249683395627869e+01 3.930768707982458210e+01 6.281427675322051485e+00 1.829785520295815786e+02 8.992936909303904258e+01 7.020728224075770640e+01 1.186281122836085387e+03 1.014920799320292872e+03 3.650000000000000000e+01 7.727570517461656127e+05 1.096100648298095621e+03 5.113957378108976286e+02
7.000000000000000000e+00 9.473845775238089573e+01 3.930993098914714778e+01 4.989933244770489829e+00 1.751071363132326155e+02 8.890303201031743185e+01 7.027451051649664748e+01 5.353761271618598130e+02 1.547155973217168594e+03 3.650000000000000000e+01 1.302858941868537804e+06 2.573531930231870319e+02 5.508795911840189774e+02
8.000000000000000000e+00 9.466067831738747884e+01 3.931219371895991799e+01 4.700868487895174752e+00 1.743293375902229627e+02 9.043794351337474779e+01 6.985362702294911230e+01 1.500612154351849313e+03 8.933649182060086105e+02 3.650000000000000000e+01 1.637521934779878473e+06 1.421763587696897275e+03 6.008123722851012189e+02
9.000000000000000000e+00 9.466739428601617590e+01 3.931560370956989914e+01 4.674243569213145655e+00 1.741715944360443018e+02 8.894485100098327734e+01 7.047958387136065994e+01 1.458715605012291689e+03 1.006840908392633082e+03 3.650000000000000000e+01 1.640863597062370740e+06 1.320312126173051183e+03 6.665850285745577821e+02
1.000000000000000000e+01 9.471524769298885360e+01 3.931688767654355132e+01 8.488592392611979065e+00 1.908805528107133682e+02 8.973768970633553010e+01 7.017118262168519038e+01 8.944985222154310804e+02 1.451360107012316121e+03 3.650000000000000000e+01 8.174757658595830435e+05 6.033077416261633061e+02 6.878482577223920771e+02
1.100000000000000000e+01 9.471842493653078066e+01 3.931256147680849722e+01 7.179632985807589129e+00 1.886843615526523195e+02 8.903503335563837595e+01 7.022942959495792081e+01 8.067952439201085326e+02 1.411463435130788866e+03 3.650000000000000000e+01 1.537800779277781956e+06 5.567701660421748784e+02 6.034715061338325768e+02
1.200000000000000000e+01 9.466702289361603562e+01 3.932095406152249240e+01 6.716052831651373900e+00 1.809048117818713877e+02 9.029904150335488566e+01 6.993559309274063196e+01 1.523507581975270568e+03 1.088192693231270141e+03 3.650000000000000000e+01 9.612173811139540048e+05 1.324520496650321547e+03 7.706787022824744326e+02
1.300000000000000000e+01 9.463411698855092880e+01 3.932129145436188367e+01 5.281870191513914570e+00 1.766978466688346430e+02 8.917253325771950756e+01 7.043932791920005343e+01 1.925560228052827597e+03 8.025428040011737494e+02 3.650000000000000000e+01 1.070141521443101345e+06 1.817220391170264520e+03 7.800150077006192078e+02
1.400000000000000000e+01 9.464132277227909640e+01 3.932257004777812170e+01 4.616546366980419869e+00 1.744328734328101405e+02 9.028744659075512402e+01 6.996506904504836655e+01 1.852304747815089286e+03 8.869546894691926582e+02 3.650000000000000000e+01 1.728720973014035961e+06 1.708978935766120003e+03 8.042605108373641087e+02
1.500000000000000000e+01 9.472082355775363283e+01 3.932530572890681952e+01 3.995733820479435483e+00 1.712793577402252083e+02 8.882952040154954432e+01 6.976103156240102976e+01 9.233032574881166283e+02 1.633814832870861437e+03 3.650000000000000000e+01 1.612446423245734349e+07 5.177680798389523034e+02 8.511703526783053348e+02
1.600000000000000000e+01 9.465697246520645081e+01 3.932299889080823618e+01 5.226369650999680871e+00 1.761387358070698497e+02 9.056525392050880896e+01 6.983611023274139029e+01 1.668027146135296334e+03 1.031353381216033540e+03 3.650000000000000000e+01 1.308612255612782435e+06 1.474510473188595824e+03 8.112783957095842879e+02
1.700000000000000000e+01 9.468224153983530300e+01 3.932444171401907340e+01 6.676528177190046875e+00 1.806978486618093029e+02 8.879110838037199471e+01 7.056480066056239764e+01 1.379601343503170938e+03 1.277837718438045158e+03 3.650000000000000000e+01 9.815691928719036514e+05 1.095739943019132170e+03 8.372908015036704228e+02
1.800000000000000000e+01 9.463772730743623640e+01 3.933848088560949208e+01 3.930062831236673659e+00 1.716056605781864448e+02 9.066558261796187423e+01 6.676757581876873360e+01 2.076653274360642172e+03 1.105822037257004240e+03 3.650000000000000000e+01 7.144074045972132683e+07 1.758695111085147346e+03 1.114032080318020917e+03
1.900000000000000000e+01 9.471532712821668554e+01 3.933083037827324091e+01 4.832583597422188681e+00 1.735034348363916195e+02 8.853620917556573033e+01 7.058026047431340544e+01 1.052367667333709505e+03 1.671844708452879786e+03 3.650000000000000000e+01 1.681730590143449372e+06 5.987354877183370263e+02 9.590251633268271689e+02
2.000000000000000000e+01 9.464684888777061644e+01 3.933078335617404520e+01 9.782068424752091929e+00 1.864120230603346897e+02 9.073958632681670622e+01 6.975290879002673705e+01 1.878754971536212906e+03 1.064884677765001243e+03 3.650000000000000000e+01 1.096226163706870750e+06 1.624109451959419630e+03 9.635356672950840675e+02
2.100000000000000000e+01 9.466086261529915191e+01 3.933348505193251299e+01 4.179524503662046975e+00 1.724327106758040600e+02 8.870179633480488235e+01 7.052502994982754103e+01 1.740848207427517764e+03 1.231183510743015631e+03 3.650000000000000000e+01 3.381386550490460824e+06 1.413587121849280265e+03 1.014909236860100123e+03
2.200000000000000000e+01 9.471289158100576344e+01 3.933441249817989416e+01 4.785939080227693765e+00 1.739372968270437809e+02 9.049309981771243372e+01 6.978648896313545436e+01 1.122745854391560670e+03 1.706803558899017389e+03 3.650000000000000000e+01 1.618930357579021947e+06 6.343333809803598342e+02 1.028876072095595873e+03
2.300000000000000000e+01 9.463792981416810335e+01 3.933908622736839789e+01 3.928724738763704316e+00 1.714226171668093173e+02 8.897616051790926406e+01 6.741488369152125415e+01 2.081620511393644847e+03 1.117114039919478500e+03 3.650000000000000000e+01 7.135799574711002409e+07 1.755506218732615707e+03 1.125788299804788039e+03
2.400000000000000000e+01 9.466073568189190723e+01 3.934063372896485333e+01 4.354513110937087816e+00 1.730234999960906634e+02 9.047906476864250180e+01 6.984689966072865275e+01 1.823109078815940393e+03 1.343911843274924422e+03 3.650000000000000000e+01 2.179224026893642731e+06 1.413669006112659190e+03 1.153959486845413949e+03
2.500000000000000000e+01 9.469701521533070832e+01 3.935500902587941141e+01 4.079193031813454162e+00 1.711201408102274968e+02 8.897611744822603441e+01 7.035968752410769866e+01 1.548852454856042186e+03 1.891590149623952357e+03 3.650000000000000000e+01 4.756409527697723359e+06 8.669683975828163511e+02 1.430666762662755673e+03
2.600000000000000000e+01 9.466884633906380486e+01 3.936393668643154342e+01 4.854242865890176617e+00 1.748582249053478677e+02 9.049746086358902630e+01 6.987279114181637851e+01 1.990607054403358688e+03 1.783797056989394605e+03 3.650000000000000000e+01 1.622492458865072113e+06 1.286353425112788045e+03 1.606529129147066442e+03
2.700000000000000000e+01 9.470606914694052136e+01 3.934571710158316904e+01 3.967519835067624179e+00 1.708379664828622140e+02 8.885188708624613696e+01 7.005470567128925552e+01 1.333125022640637098e+03 1.824232937922895417e+03 3.650000000000000000e+01 1.197557007389771752e+07 7.337190449299258717e+02 1.249255593352193500e+03
2.800000000000000000e+01 9.472884899370411915e+01 3.934712733341239499e+01 4.285813264863723937e+00 1.722399533414732389e+02 9.034672883844089597e+01 6.977847253986145404e+01 1.074029610555806812e+03 2.049771498416609575e+03 3.650000000000000000e+01 2.945222615081011783e+06 3.923588086398588075e+02 1.275017411759548622e+03
2.900000000000000000e+01 9.463464392646532986e+01 3.934566415826786567e+01 4.486527731371141137e+00 1.731746205532833756e+02 8.911222528155434475e+01 7.041501369304131686e+01 2.196201295952513192e+03 1.191996562475490919e+03 3.650000000000000000e+01 1.982704678796185181e+06 1.802991066438708685e+03 1.254011826629262032e+03
