# id ra dec s L A b x y a flux x_0 y_0
0.000000000000000000e+00 5.346984644715929846e+01 -2.266780004619837285e+01 4.895913908074234655e+00 7.748957943884359167e+01 9.203578111933049399e+01 1.789605263584242607e+02 1.405657540650543524e+03 6.282390586303886266e+02 4.389999999999999858e+01 1.537346434102319181e+06 1.592144772470066982e+03 3.720355495576669682e+02
1.000000000000000000e+00 5.347190998106081850e+01 -2.269205766530261315e+01 4.724154189109279756e+00 7.983357670634784142e+01 9.004144251570944846e+01 1.795621705777676311e+02 1.761094868811250990e+03 9.430990292967846926e+02 4.389999999999999858e+01 6.768014472378920764e+05 1.630323129059448092e+03 8.449530836909948448e+02
2.000000000000000000e+00 5.347811928755004374e+01 -2.272595100213857577e+01 4.070828950205463315e+00 7.446043019677733810e+01 9.151350649749842603e+01 1.767036459004102369e+02 2.300912075418075347e+03 1.340957197907545378e+03 4.389999999999999858e+01 5.244182345298615098e+07 1.743336259699578704e+03 1.506162797113142915e+03
3.000000000000000000e+00 5.345836770709364316e+01 -2.275546400736963193e+01 3.541570891348697625e+00 7.334924996002683883e+01 9.011446071970563310e+01 1.792398139166973294e+02 2.443755234815651875e+03 1.998797876556220899e+03 4.389999999999999858e+01 2.959514131228278857e+06 1.390289772681921022e+03 2.078587268295512331e+03
4.000000000000000000e+00 5.341791903948597309e+01 -2.277258281069693524e+01 3.349439501755629767e+00 7.252346136104938523e+01 9.151768065519843276e+01 1.788734212567039492e+02 2.148792679434903221e+03 2.738084439880561604e+03 4.389999999999999858e+01 4.426264139658791013e+06 6.654503198817740213e+02 2.406939091968972207e+03
5.000000000000000000e+00 5.343077656173400669e+01 -2.277477795025428620e+01 9.312139924842632865e+00 9.841469438816203308e+01 8.997721267516070043e+01 1.793734504001038204e+02 2.345961873541465138e+03 2.610061554451211123e+03 4.389999999999999858e+01 1.581540588924157666e+06 8.962347476051564854e+02 2.451337513920251240e+03
6.000000000000000000e+00 5.342491036876707966e+01 -2.280602961402366091e+01 3.236775886635335997e+00 7.211419050632645167e+01 9.134552313477844621e+01 1.787295849820444573e+02 2.693608467217033649e+03 3.119835392506186508e+03 4.389999999999999858e+01 6.909479633910021745e+06 7.926446922918548808e+02 3.059497672975600381e+03
7.000000000000000000e+00 5.348178454303959484e+01 -2.283007766823894258e+01 8.626518151311859839e+00 9.636652829717526458e+01 8.984090494748728872e+01 1.793331784843874175e+02 3.758962514600820214e+03 2.755171701038419997e+03 4.389999999999999858e+01 1.423745862198930699e+06 1.813823715645210086e+03 3.535439899995778433e+03
8.000000000000000000e+00 5.340053610160352093e+01 -2.286321161784220735e+01 3.245072711445324831e+00 7.196241520774678690e+01 9.119812211606365793e+01 1.787054311026212758e+02 3.150484690368180054e+03 4.221591636754470528e+03 4.389999999999999858e+01 6.513731922387367114e+06 3.586724357709824744e+02 4.170572263326359462e+03
