# id ra dec s L A b x y a flux x_0 y_0
0.000000000000000000e+00 5.412806788083310039e+01 -2.344018746535019204e+01 4.370536482245748644e+00 7.256529335548592030e+01 9.134173505946790783e+01 5.308809253880667001e+01 4.429161276689654301e+02 1.196416838741973834e+03 4.389999999999999858e+01 3.691060110580403125e+05 5.048384791695201557e+02 1.140566887496959509e+02
1.000000000000000000e+00 5.412428725835865606e+01 -2.344037735190274319e+01 1.264755668913252151e+01 1.103648783599610539e+02 8.470440928534142699e+01 5.317889517061647808e+01 4.902475146410312163e+02 1.148384985524215608e+03 4.389999999999999858e+01 5.361517554038686212e+05 5.715416364949842318e+02 1.116456942901172340e+02
2.000000000000000000e+00 5.412821853909954939e+01 -2.330731839521678239e+01 4.766940409530608491e+00 8.450955041906468068e+01 8.990256657884638969e+01 5.682957208346171285e+01 2.207978710532307559e+03 3.064048756705173673e+03 4.389999999999999858e+01 3.463220685846595443e+05 4.819160469275275318e+02 2.682484124882659216e+03
3.000000000000000000e+00 5.410432209469074394e+01 -2.329964506139561564e+01 4.225242141834130827e+00 7.227359873853954753e+01 9.202435890787803885e+01 5.308731101605704339e+01 2.618883230956649186e+03 2.885495170583771142e+03 4.389999999999999858e+01 3.786816320984729100e+05 9.026220716644755839e+02 2.838750823911530915e+03
4.000000000000000000e+00 5.404846555591945645e+01 -2.329098650179449947e+01 5.742349180278120357e+00 8.543233439235326898e+01 8.967821162397895307e+01 5.325495267950170586e+01 3.457948181166391805e+03 2.336711474156484655e+03 4.389999999999999858e+01 1.464466759683623677e+05 1.887498937796937980e+03 3.024402840663156894e+03
5.000000000000000000e+00 5.409539576120223359e+01 -2.327976637824190931e+01 3.724133300330718210e+00 7.005458591976105254e+01 9.214639238033467450e+01 5.306933624042565611e+01 2.999323057222487932e+03 3.057188653277917638e+03 4.389999999999999858e+01 7.905629223108402221e+05 1.057264758387183747e+03 3.225967513646294719e+03
6.000000000000000000e+00 5.413719963073265973e+01 -2.327317494457957636e+01 3.864192634233831747e+00 7.080999492050902688e+01 9.151915534452234624e+01 5.307989732282172213e+01 2.544999075573801747e+03 3.651644557277786589e+03 4.389999999999999858e+01 5.729880842652212596e+05 3.181212417729891513e+02 3.339502576055603186e+03
7.000000000000000000e+00 5.405081302805871246e+01 -2.325502509127261419e+01 7.867381010853900847e+00 8.951184587630321232e+01 8.967547145192175151e+01 5.321272996001209066e+01 3.905910570301511143e+03 2.867745820087214270e+03 4.389999999999999858e+01 2.070489822300225496e+05 1.840936694623855828e+03 3.718805489448705430e+03
8.000000000000000000e+00 5.409516604824079167e+01 -2.325533079848763407e+01 3.668692809094256102e+00 7.022043685398547552e+01 9.200481121641885807e+01 5.306055662519323590e+01 3.327427813622768554e+03 3.397075967742065131e+03 4.389999999999999858e+01 7.301918222349010175e+05 1.057700647862226106e+03 3.698401681202057716e+03
