# id ra dec s L A b x y a flux x_0 y_0
0.000000000000000000e+00 1.449220004302268308e+02 3.004300600182419245e+01 1.916891049354361609e+00 6.141796816174748841e+01 8.998915749536084263e+01 6.353178562723887524e+01 4.596560867390393469e+03 1.065402903930113553e+03 -6.959999999999999432e+01 3.522124643575279042e+05 1.083079543290530182e+03 1.431414955321764069e+02
1.000000000000000000e+00 1.449220252694401836e+02 3.004305784740683549e+01 1.914044758043714545e+00 6.141100080468654454e+01 8.999744122539919999e+01 6.351418452703383366e+01 4.596421771884042755e+03 1.065510417137184731e+03 -6.959999999999999432e+01 3.524739227651971160e+05 1.082669998353004303e+03 1.441415963834449201e+02
2.000000000000000000e+00 1.449639913760059358e+02 3.004533379249352620e+01 1.823143769283645854e+00 6.115575210156029584e+01 8.999080084113037969e+01 6.348605026521520500e+01 4.307592047088329309e+03 4.263016686305868461e+02 -6.959999999999999432e+01 1.219790980084114708e+06 3.833992172803228868e+02 1.911785875982183711e+02
3.000000000000000000e+00 1.449773666219315089e+02 3.009908296533220096e+01 1.741671076911456284e+00 6.085960945525994958e+01 9.020864396207615243e+01 6.283292512958458786e+01 3.259921202970457216e+03 5.831004409868589846e+02 -6.959999999999999432e+01 1.310042963540410809e+07 1.656079942614403535e+02 1.227180406731207768e+03
4.000000000000000000e+00 1.448649661040395529e+02 3.011677032269050969e+01 1.750814894972094971e+00 6.060490576442108335e+01 8.992621551691111392e+01 6.349924974432224900e+01 3.602041333644371207e+03 2.455272755091462841e+03 -6.959999999999999432e+01 5.475987055189201608e+06 2.039348331502397514e+03 1.559478727735241819e+03
5.000000000000000000e+00 1.448646735875627485e+02 3.011663750210264823e+01 1.753143550835928988e+00 6.060946164913519141e+01 9.020549209016503767e+01 6.316966882746681478e+01 3.605797951720619949e+03 2.459045873091229168e+03 -6.959999999999999432e+01 5.485972945067674853e+06 2.044210042163130083e+03 1.556902261903467206e+03
6.000000000000000000e+00 1.449364564547825296e+02 3.011512250909788335e+01 2.917861658679304249e+00 6.380248101974795816e+01 9.002986314787395372e+01 6.378585661408646246e+01 3.212268738820750968e+03 1.330385689366553606e+03 -6.959999999999999432e+01 1.494854386921608238e+05 8.485236696451934222e+02 1.532793217084673643e+03
7.000000000000000000e+00 1.449787514456741064e+02 3.011858456535076201e+01 2.673112939716370651e+00 6.345418663767139833e+01 9.019867288526663174e+01 6.357833427738183474e+01 2.900323078904626527e+03 6.940411758949255727e+02 -6.959999999999999432e+01 1.466475988954632485e+05 1.444089534293936481e+02 1.602787157248921631e+03
8.000000000000000000e+00 1.449142541720116526e+02 3.013623751197569334e+01 1.740355009944900333e+00 6.040562705595974080e+01 8.995924465420876004e+01 6.352841497352165590e+01 2.962300477108287851e+03 1.819638136021496166e+03 -6.959999999999999432e+01 4.591390257069328800e+06 1.220104723166783060e+03 1.937702491938331605e+03
9.000000000000000000e+00 1.449729201207156564e+02 3.013679426011508511e+01 1.997427539593751744e+00 6.146759252425253806e+01 9.031913912734299288e+01 6.348455607963510516e+01 2.607250335562510827e+03 9.095776210517547042e+02 -6.959999999999999432e+01 2.448801474843010365e+05 2.432576894084743344e+02 1.952928618715355924e+03
1.000000000000000000e+01 1.449671001876939442e+02 3.014281242877447653e+01 2.248076039913088575e+00 6.224121985171161242e+01 9.001036277947504516e+01 6.392131687957326847e+01 2.532263963045210403e+03 1.040959164063052867e+03 -6.959999999999999432e+01 1.830247076729816035e+05 3.407356872579085802e+02 2.068334924640493227e+03
1.100000000000000000e+01 1.449345290989121793e+02 3.015808479157799482e+01 2.618693498183148005e+00 6.292473835703837182e+01 9.025626126226141821e+01 6.354278267768323474e+01 2.449381753771544027e+03 1.652311926016130656e+03 -6.959999999999999432e+01 1.522510235072758514e+05 8.844196036947301991e+02 2.359855954920507884e+03
1.200000000000000000e+01 1.449150650100380346e+02 3.019861792505376386e+01 1.755341844701323817e+00 6.039531334849687028e+01 9.020456448212780742e+01 6.367204106381139184e+01 1.832818301427837241e+03 2.230827979384572700e+03 -6.959999999999999432e+01 1.274416689612779533e+06 1.211905549578301816e+03 3.138841866599098466e+03
1.300000000000000000e+01 1.448674792753862732e+02 3.019807579317832236e+01 2.309249014654185750e+00 6.140517291830892077e+01 9.021514142217984045e+01 6.378261700012622981e+01 2.122519115392128242e+03 2.968053133605103540e+03 -6.959999999999999432e+01 2.063619661958785728e+05 2.003742391673112706e+03 3.125107739230282732e+03
1.400000000000000000e+01 1.449015115554894066e+02 3.019861857270341332e+01 1.910233709622922937e+00 6.092105271198894201e+01 9.011903227870769229e+01 6.377626299226159290e+01 1.912360218027515657e+03 2.441664473710222410e+03 -6.959999999999999432e+01 3.255123094242990483e+05 1.437450556810305898e+03 3.137881880384704345e+03
1.500000000000000000e+01 1.449452992467613228e+02 3.019983236755555467e+01 2.127422284589110646e+00 6.148576383878880591e+01 9.030448989414824723e+01 6.367636389598994384e+01 1.633965905186973487e+03 1.767939568038367952e+03 -6.959999999999999432e+01 1.986370138603609230e+05 7.088807617852741032e+02 3.164490803651840906e+03
1.600000000000000000e+01 1.449409134514038726e+02 3.021642118277921085e+01 1.937021739846120694e+00 6.093950450362000026e+01 9.012415723501376874e+01 6.389783793389011635e+01 1.360636950545433820e+03 1.949213289101023520e+03 -6.959999999999999432e+01 2.840461911718134652e+05 7.833483407928097222e+02 3.483554842537007971e+03
1.700000000000000000e+01 1.448829829972262360e+02 3.022389382311182615e+01 1.725459476651827861e+00 6.019906635192194955e+01 9.031038533794581724e+01 6.357228293600599756e+01 1.565789402097628908e+03 2.901278854385544037e+03 -6.959999999999999432e+01 2.481716983456715476e+06 1.747796106915738164e+03 3.623243169104285698e+03
1.800000000000000000e+01 1.449812815531786612e+02 3.023729890932677833e+01 1.909877837468787032e+00 6.103754122184348319e+01 9.017597324129833680e+01 6.389607295211676785e+01 7.473334105417578712e+02 1.462125237506912526e+03 -6.959999999999999432e+01 3.190361278669769526e+05 1.137036270603084631e+02 3.888743430988170985e+03
1.900000000000000000e+01 1.449663052353461410e+02 3.024251611501349046e+01 1.761941341785124182e+00 6.041287374233689889e+01 9.026356996851222902e+01 6.366983350248416684e+01 7.412670956245361822e+02 1.730672305330737800e+03 -6.959999999999999432e+01 1.637523146543186624e+06 3.633200840003787562e+02 3.987976297178951427e+03
