# id ra dec s L A b x y a flux x_0 y_0
0.000000000000000000e+00 1.555580062154733127e+02 6.267559528344203379e+00 2.111471685304909141e+00 1.398606162113492246e+02 9.046844169115462364e+01 1.181868629758914295e+02 4.344002853743899664e+02 4.989733507098960104e+02 8.109999999999999432e+01 8.250247842406028649e+05 1.635468706371156031e+03 1.832180218566109033e+02
1.000000000000000000e+00 1.554984683058037547e+02 6.258064030673793354e+00 2.375140588854007806e+00 1.403662183583093395e+02 8.991914976860459774e+01 1.165162993695286531e+02 4.390969122066301225e+02 1.653082663847744925e+03 8.109999999999999432e+01 1.644802387505217921e+05 4.960512398034729245e+02 3.662777796727814348e+02
2.000000000000000000e+00 1.555500802883327935e+02 6.258039059672416471e+00 5.314261327999143525e+00 1.522865165386565991e+02 8.993057467063663069e+01 1.126067515828431169e+02 5.919102486514466364e+02 6.780455539971360395e+02 8.109999999999999432e+01 5.337835626270598732e+04 1.483825508903559239e+03 3.665582150556209626e+02
3.000000000000000000e+00 1.555049040318328650e+02 6.253449283324740371e+00 2.198732812478779941e+00 1.399714377760099637e+02 9.048577506731218989e+01 1.184856446594548061e+02 5.457766554515925463e+02 1.545458865062020095e+03 8.109999999999999432e+01 2.690626126306256629e+05 6.192352193696634686e+02 4.551071542950173807e+02
4.000000000000000000e+00 1.555009560811005542e+02 6.251006453933809937e+00 3.917954548427680983e+00 1.439061107518030553e+02 8.997263770754604195e+01 1.164813728123313581e+02 5.806237694240114706e+02 1.627687643094548321e+03 8.109999999999999432e+01 7.886386737439554418e+04 5.436841432557656617e+02 5.021518742027582789e+02
5.000000000000000000e+00 1.555504641675804010e+02 6.243439255395330179e+00 2.113285223239604882e+00 1.400060136558539057e+02 9.047849132234965452e+01 1.175993268253649688e+02 8.708920871046894945e+02 7.138428152710596351e+02 8.109999999999999432e+01 1.062974456519816071e+07 1.491240891640157997e+03 6.476508413101761334e+02
6.000000000000000000e+00 1.554845148982975047e+02 6.241831908352098779e+00 2.112271230493532936e+00 1.397652957663637778e+02 8.995346297993191342e+01 1.155451997777141742e+02 7.064530674980607046e+02 1.965699397609832204e+03 8.109999999999999432e+01 1.340257233485079557e+07 2.290432608172287416e+02 6.788366380979404084e+02
7.000000000000000000e+00 1.555504695333146117e+02 6.243464117612651521e+00 2.114245454284561898e+00 1.400077029869151204e+02 9.049760349160311534e+01 1.176411887369491893e+02 8.706622037949116475e+02 7.138733137962458386e+02 8.109999999999999432e+01 1.063624166924146749e+07 1.491343469848592576e+03 6.471721360306128190e+02
8.000000000000000000e+00 1.555117066793780509e+02 6.229888859088760888e+00 3.825745101133727566e+00 1.412597978764661946e+02 9.002720818387449242e+01 1.080533805727535395e+02 1.014395941164688224e+03 1.486924044021342752e+03 8.109999999999999432e+01 1.120109854313552678e+08 7.495067229058189469e+02 9.086996305398716913e+02
9.000000000000000000e+00 1.555393154886362197e+02 6.228569244386711112e+00 3.350754507184722009e+00 1.467214806386705845e+02 9.054260941028766752e+01 1.181564787939195753e+02 1.120505222123946396e+03 9.681526590550547553e+02 8.109999999999999432e+01 8.128051181604847079e+04 1.277930146279402834e+03 9.339985655783447100e+02
1.000000000000000000e+01 1.555132888449127790e+02 6.228457536432490116e+00 4.557246739680822500e+00 1.446778467729263866e+02 8.976074459971154340e+01 1.162607311226179974e+02 1.046469272747405512e+03 1.461697373004180918e+03 8.109999999999999432e+01 5.372273013385462109e+05 7.797933314710199966e+02 9.362517742454823519e+02
1.100000000000000000e+01 1.555091741572724686e+02 6.212222943279115839e+00 3.242174823373405346e+00 1.422036706939260284e+02 9.090679889650236589e+01 1.199144904863492371e+02 1.342733515070120120e+03 1.586866452337063265e+03 8.109999999999999432e+01 1.025881749542627367e+05 7.010927789077629768e+02 1.248833710562991200e+03
1.200000000000000000e+01 1.555748140278164442e+02 6.212184176262805835e+00 5.357257978195033132e+00 1.490717868393601293e+02 9.009615755458762010e+01 1.149938378587437171e+02 1.537115871530560526e+03 3.454295740880510834e+02 8.109999999999999432e+01 5.300902556278393604e+04 1.957447317634250567e+03 1.249285102634637951e+03
1.300000000000000000e+01 1.555469429107546659e+02 6.208740883349195272e+00 8.632449993380566511e+00 1.605277922191864945e+02 9.080759034977712929e+01 1.221472649546619920e+02 1.521091594357467329e+03 8.834095663251146107e+02 8.109999999999999432e+01 4.584872374600113835e+05 1.424006010329439505e+03 1.315723828367779106e+03
1.400000000000000000e+01 1.555490011628132550e+02 6.207547272129185778e+00 7.948847255304837489e+00 1.545983827460574105e+02 8.972416628665817484e+01 1.153083761191166019e+02 1.549011543642928700e+03 8.475630865419801694e+02 8.109999999999999432e+01 6.953048062919086078e+05 1.463406986791617328e+03 1.338694982564522661e+03
1.500000000000000000e+01 1.555568180646426981e+02 6.185749118783179235e+00 2.238485800090671329e+00 1.398521409638701982e+02 9.080007856238260899e+01 1.192278313207510365e+02 1.986790186494899217e+03 7.656179919309095112e+02 8.109999999999999432e+01 1.106852829588309862e+06 1.613131929210840099e+03 1.758340801682637220e+03
1.600000000000000000e+01 1.555238132525154811e+02 6.149474031866613899e+00 2.117959550520033041e+00 1.399219337742713094e+02 8.969593243941889682e+01 1.152406561044761588e+02 2.579882826564775314e+03 1.497232797460322445e+03 8.109999999999999432e+01 2.117377699420122430e+06 9.815215144462487160e+02 2.456895056529565409e+03
1.700000000000000000e+01 1.555607482507811312e+02 6.136681619767374585e+00 2.164169396712665616e+00 1.400843508167405389e+02 9.080508572174679216e+01 1.193771541756104568e+02 2.932055624401493787e+03 8.368521559226907129e+02 8.109999999999999432e+01 2.190725063318619796e+05 1.688607970040032797e+03 2.703024052175900124e+03
1.800000000000000000e+01 1.554796821116218268e+02 6.119424862581916535e+00 2.337566375179475742e+00 1.415666774913612755e+02 8.968095962678755484e+01 1.153112938274041426e+02 3.020433956205679351e+03 2.421595230962243477e+03 8.109999999999999432e+01 1.787043063216806040e+05 1.368168001488429013e+02 3.035566076408772915e+03
1.900000000000000000e+01 1.554828688189256809e+02 6.102214298079370103e+00 2.231641709704193399e+00 1.402492503196219218e+02 9.081791719747430136e+01 1.194446950212767433e+02 3.357779462944022725e+03 2.413058501449641426e+03 8.109999999999999432e+01 2.188846927529784152e+05 1.978606130928030211e+02 3.366914357283069876e+03
2.000000000000000000e+01 1.555102785433645352e+02 6.096332353621241928e+00 2.267376928028937755e+00 1.401627953115201421e+02 8.969710158922468679e+01 1.152604102049034225e+02 3.550313711880891788e+03 1.910742063163675539e+03 8.109999999999999432e+01 3.342185662798271514e+05 7.226100471982879299e+02 3.480082806346752022e+03
2.100000000000000000e+01 1.555409913434258726e+02 6.086587571409400432e+00 2.267835259623490529e+00 1.403443175830676068e+02 9.080217705143817852e+01 1.193791229280490143e+02 3.826386075364754561e+03 1.359347711621608596e+03 8.109999999999999432e+01 1.964655356770763174e+05 1.310623930047393969e+03 3.667581880243483283e+03
2.200000000000000000e+01 1.554982330100122851e+02 6.062324171996578137e+00 4.642825990072432241e+00 1.605652779702735984e+02 8.918008367599077246e+01 1.153588050521994575e+02 4.162099071925920725e+03 2.240562332885961951e+03 8.109999999999999432e+01 9.091845374806306791e+04 4.921052761782317475e+02 4.134879821899787203e+03
2.300000000000000000e+01 1.555727659091186013e+02 6.071541867604635101e+00 5.331639078196594106e+00 1.469340269021157610e+02 9.020884192296460924e+01 1.135976532292781656e+02 4.206361169846499251e+03 8.025361234551704683e+02 8.109999999999999432e+01 2.035177385253296234e+04 1.919016789393536328e+03 3.957101067006621179e+03
2.400000000000000000e+01 1.555700175488531443e+02 6.070926434388824511e+00 2.174131185767572916e+00 1.401384488377507580e+02 9.028521160151900915e+01 1.173734132095527798e+02 4.210401389960358756e+03 8.569232509363848749e+02 8.109999999999999432e+01 1.176542881806888385e+06 1.866402399748926655e+03 3.968964970001305574e+03
2.500000000000000000e+01 1.554933105979638412e+02 6.084457915175354614e+00 2.454707538037562031e+00 1.419063379861592580e+02 9.019680519762835047e+01 1.171905157386450185e+02 3.726445100159977756e+03 2.268182302273290588e+03 8.109999999999999432e+01 1.353693585129921266e+05 3.978048104271423426e+02 3.708752233510045244e+03
2.600000000000000000e+01 1.555093263727155488e+02 6.048922655309654672e+00 2.158377695679316144e+00 1.399240547836515987e+02 9.029029762036937257e+01 1.172844587007379715e+02 4.449253405199877307e+03 2.071460968270073863e+03 8.109999999999999432e+01 2.991751617754903622e+06 7.045350863296162061e+02 4.392865654348726821e+03
