# id ra dec s L A b x y a flux x_0 y_0
0.000000000000000000e+00 8.961789138187683079e+01 7.690618257505871469e+00 9.368276201070244724e+00 1.921577814615477564e+02 9.053257072766611202e+01 1.420657286108707922e+02 4.401997802989117190e+03 6.796826308568967079e+02 -6.890000000000000568e+01 1.439625717926220037e+06 6.584415705229174591e+02 1.808317128451732856e+02
1.000000000000000000e+00 8.964389998233566814e+01 7.688573746866516068e+00 1.484589070163507829e+00 1.673530640752759950e+02 9.012595517573673476e+01 1.434128903752102246e+02 4.543476541617527801e+03 1.157166399945655485e+03 -6.890000000000000568e+01 1.572897240297867917e+06 1.154685100500540329e+03 2.202049163516635133e+02
2.000000000000000000e+00 8.963750729000642536e+01 7.688891625890398984e+00 1.145512827339886641e+01 2.089440706678758204e+02 9.049852543278315409e+01 1.424218973783760873e+02 4.505093419050125704e+03 1.040828088348899882e+03 -6.890000000000000568e+01 1.661727389081550296e+06 1.032712230758008900e+03 2.140851238716033151e+02
3.000000000000000000e+00 8.967866409392556193e+01 7.685902891740263421e+00 1.687231947454745695e+00 1.680727219699238333e+02 9.030742768480595828e+01 1.433210289798203689e+02 4.735250377074638891e+03 1.794030539442831696e+03 -6.890000000000000568e+01 1.835217021460762713e+06 1.817990821636720511e+03 2.715934865428761782e+02
4.000000000000000000e+00 8.968011974068922143e+01 7.686096536769445819e+00 4.009940110002225389e+00 1.677542983580808311e+02 9.007732577876286939e+01 1.428906143911913773e+02 4.748838279058301850e+03 1.819235863808546583e+03 -6.890000000000000568e+01 8.251243596455454826e+05 1.845764472867725999e+03 2.678625775493731567e+02
5.000000000000000000e+00 8.967401505518903093e+01 7.685763483743293101e+00 1.156540209664662733e+01 1.939203566053643044e+02 9.030287154626495294e+01 1.422558727495525090e+02 4.699804045367601248e+03 1.712560292830901744e+03 -6.890000000000000568e+01 1.597922307208027225e+06 1.729286560931199119e+03 2.742852369421884760e+02
6.000000000000000000e+00 8.966499839650927584e+01 7.685097352286009098e+00 2.375069030378817114e+00 1.697826951480286084e+02 9.035763554268170594e+01 1.428795498420808485e+02 4.626993740018736389e+03 1.556662259498710455e+03 -6.890000000000000568e+01 6.764731919532279717e+05 1.557247853816234738e+03 2.871226227400260882e+02
7.000000000000000000e+00 8.966552931810532812e+01 7.681193950786957991e+00 3.804202603637255375e+00 1.674592507190058939e+02 9.007302137072805692e+01 1.430104540973648568e+02 4.560257160782290157e+03 1.593175585844128136e+03 -6.890000000000000568e+01 4.758666537189782830e+05 1.567382429101715388e+03 3.622752880148747181e+02
8.000000000000000000e+00 8.962659469960881609e+01 7.681094875113378961e+00 1.143997183083265412e+01 2.097591659721228154e+02 9.040334791932099279e+01 1.422350348019382125e+02 4.289842390410149164e+03 9.006837292865440077e+02 -6.890000000000000568e+01 1.665026566487016622e+06 8.244953103979578373e+02 3.641946937976283607e+02
9.000000000000000000e+00 8.966999788959553541e+01 7.680385508582141973e+00 1.907293291656023682e+00 1.684965154775840972e+02 9.027374508268638920e+01 1.431130442731864889e+02 4.575868542272078230e+03 1.677961006412276902e+03 -6.890000000000000568e+01 7.071120161509695463e+05 1.652645544400900462e+03 3.778347682137570587e+02
1.000000000000000000e+01 8.964283834064266898e+01 7.671673688297975247e+00 1.402646683583397058e+00 1.670032554462543430e+02 9.042527614551144666e+01 1.409373843870284588e+02 4.232688022977128639e+03 1.255136711632286278e+03 -6.890000000000000568e+01 3.574196518683056533e+07 1.134431598214085398e+03 5.455865061612032605e+02
1.100000000000000000e+01 8.967883146529210592e+01 7.672978207367365577e+00 6.582886170240764834e+00 1.828799014710002098e+02 9.018650331727265268e+01 1.431648645722536344e+02 4.503312530617902667e+03 1.887221129700953270e+03 -6.890000000000000568e+01 8.944482523818553891e+05 1.821206636888237881e+03 5.204356649575940992e+02
1.200000000000000000e+01 8.961808490957837137e+01 7.670606924275484850e+00 1.685998269504882963e+00 1.679402051144427901e+02 9.049279777285821069e+01 1.425226417431205732e+02 4.043248879445298826e+03 8.217723330951748721e+02 -6.890000000000000568e+01 9.089367636788964737e+05 6.621156300238022823e+02 5.661155515309087605e+02
1.300000000000000000e+01 8.968046171155060620e+01 7.661637724938554328e+00 1.443710799046170168e+00 1.668731092196088923e+02 9.021314286584873798e+01 1.433204840726941995e+02 4.311013018135925449e+03 1.994213546300643202e+03 -6.890000000000000568e+01 1.763167286611107644e+06 1.852333350592546140e+03 7.387737934907263480e+02
1.400000000000000000e+01 8.959962699686701626e+01 7.669798097660293301e+00 2.594321402427735901e+00 1.694061759926557613e+02 9.046821899860982796e+01 1.425977467556787417e+02 3.901357110450899654e+03 4.992159191865734442e+02 -6.890000000000000568e+01 1.025219644927622983e+06 3.099217581326453228e+02 5.816631870207096426e+02
1.500000000000000000e+01 8.962730076773236476e+01 7.657421711362276007e+00 1.675274913163129709e+00 1.675094900755752292e+02 9.143759885781791752e+01 1.402065374571683094e+02 3.868911247345581160e+03 1.077729897343567018e+03 -6.890000000000000568e+01 9.696407943365200190e+05 8.379550577612097868e+02 8.199802582662352961e+02
1.600000000000000000e+01 8.959430621062395517e+01 7.656489476093389257e+00 9.349108536022271210e+00 1.898263214549126303e+02 9.000296905311876117e+01 1.459833869430823938e+02 3.626006960740613977e+03 4.960846079552805463e+02 -6.890000000000000568e+01 1.145832464402815094e+06 2.083704047822380971e+02 8.378871952157260239e+02
1.700000000000000000e+01 8.968252498356241631e+01 7.650276193560400451e+00 1.171183086030131548e+01 2.131310697461393318e+02 9.066202699906652640e+01 1.420745172486036836e+02 4.120655855059713758e+03 2.109887275615120870e+03 -6.890000000000000568e+01 1.747627706567591988e+06 1.891724599249993389e+03 9.575159398202879402e+02
1.800000000000000000e+01 8.966178478984960520e+01 7.646227101821420291e+00 4.561062734918249539e+00 1.727303983152569629e+02 9.005998509253235795e+01 1.438120797719024608e+02 3.904575842143457521e+03 1.768672592965001741e+03 -6.890000000000000568e+01 7.336550601861071773e+05 1.495969858398018459e+03 1.035504186398144384e+03
1.900000000000000000e+01 8.959894479000300294e+01 7.646084120890091818e+00 3.674564485505597222e+00 1.718364817685245214e+02 9.057756457377456627e+01 1.422349666359128264e+02 3.471093382494321759e+03 6.515181290807990990e+02 -6.890000000000000568e+01 7.089032381273208885e+05 2.968629965888373476e+02 1.038232395012033294e+03
2.000000000000000000e+01 8.963477961257865445e+01 7.643020391375332956e+00 1.489033956328924102e+00 1.670233764356595998e+02 9.016336627148876914e+01 1.435285856670035969e+02 3.661659636767350548e+03 1.310839223672440085e+03 -6.890000000000000568e+01 1.640763656257387483e+06 9.806591793025910420e+02 1.097254434123119381e+03
2.100000000000000000e+01 8.960343195700225749e+01 7.642068039588167494e+00 6.541861298597645202e+00 1.760472434122895038e+02 9.002761644685982390e+01 1.499370808845918930e+02 3.429995085877324072e+03 7.588701887885213182e+02 -6.890000000000000568e+01 7.572606986887946259e+05 3.824804558829882239e+02 1.115562323052681222e+03
2.200000000000000000e+01 8.967926485482948351e+01 7.641522363433458587e+00 3.342361241627535673e+00 1.696351526663646325e+02 9.046435871514557903e+01 1.421202269590949072e+02 3.940016567417988881e+03 2.112754893361125141e+03 -6.890000000000000568e+01 6.549511125209397869e+05 1.829530995476015960e+03 1.126061144275713104e+03
2.300000000000000000e+01 8.965000089613870671e+01 7.641123925060838928e+00 4.478681598012801857e+00 1.756847108428865170e+02 9.047605021935488878e+01 1.432986110878047441e+02 3.732212003416050266e+03 1.594386621011976786e+03 -6.890000000000000568e+01 8.713941112346348818e+05 1.271113183855465195e+03 1.133765297722677815e+03
