# id ra dec s L A b x y a flux x_0 y_0
0.000000000000000000e+00 1.223657581384097028e+02 -2.805357465609720080e+01 3.431431055212688097e+00 3.613804212543137737e+02 8.924723933406225740e+01 2.012986664091643263e+02 4.264739301455423629e+03 4.637032588490207559e+02 -8.940000000000000568e+01 4.338915522128256969e+06 4.590707541821871587e+02 3.836503266220587420e+02
1.000000000000000000e+00 1.223454044941454697e+02 -2.804754727438675133e+01 3.386014102551298421e+00 3.648104578312867829e+02 9.006641459796495042e+01 1.950858013156653783e+02 4.150370698357965921e+03 8.099303935942758699e+02 -8.940000000000000568e+01 6.834674614510326646e+05 8.043570136159966069e+02 5.023111252438150700e+02
2.000000000000000000e+00 1.223349689955539077e+02 -2.804466692512975357e+01 3.331650399097244808e+00 3.608540068729512313e+02 8.917880154671762227e+01 2.020906579817532815e+02 4.095526479482590275e+03 9.876765307009653725e+02 -8.940000000000000568e+01 3.310437434282462113e+06 9.814354534635497203e+02 5.590850161457206013e+02
3.000000000000000000e+00 1.223578316104318873e+02 -2.803950768128998661e+01 3.680391633701282306e+00 3.614051424138683046e+02 9.004778630360281966e+01 1.925664814741770385e+02 3.994687515539837023e+03 5.990545137899442807e+02 -8.940000000000000568e+01 2.094119108784434944e+07 5.917097361861659692e+02 6.555175352062773300e+02
4.000000000000000000e+00 1.223207232992480868e+02 -2.803565877890982350e+01 3.611348570055461060e+00 3.617751935424134331e+02 8.911844344475561286e+01 2.015538354610571048e+02 3.922490008016751744e+03 1.230550127369163192e+03 -8.940000000000000568e+01 6.446542713063243777e+06 1.222423241475289387e+03 7.342989316023804349e+02
5.000000000000000000e+00 1.223536137561810193e+02 -2.803601395196162827e+01 2.677821361921655985e+00 3.554991744330478127e+02 9.003684063353043143e+01 1.940891229844203849e+02 3.927536945580529391e+03 6.710508055157692979e+02 -8.940000000000000568e+01 2.278790804400211200e+05 6.629225722203239002e+02 7.233263666536597611e+02
6.000000000000000000e+00 1.223503782682622472e+02 -2.802885230787011750e+01 3.140367758181379365e+00 3.647467655492120002e+02 9.005656655057313742e+01 1.940279036196469065e+02 3.789721389321848164e+03 7.262332976165462242e+02 -8.940000000000000568e+01 8.684340055975501891e+05 7.168600716288103740e+02 8.616289739016585827e+02
7.000000000000000000e+00 1.223255877946754993e+02 -2.802437975723220376e+01 3.243784024437124547e+00 3.615662402275840464e+02 8.919117253078400154e+01 2.020413799668836248e+02 3.705198541108404697e+03 1.148680080462042497e+03 -8.940000000000000568e+01 2.407107494859301485e+06 1.137965911082132152e+03 9.508618726958077332e+02
8.000000000000000000e+00 1.223607637063969946e+02 -2.801668017526445809e+01 3.778891262302468412e+00 3.611257066958381188e+02 9.008927532707372166e+01 1.944970903375860303e+02 3.555520993398253268e+03 5.500291960129720792e+02 -8.940000000000000568e+01 1.447992018663240829e+06 5.382639307735826151e+02 1.094656920157148306e+03
9.000000000000000000e+00 1.223618259861642343e+02 -2.801635919186015045e+01 3.607382428157501764e+00 3.605922844009213009e+02 8.919344595233516770e+01 2.024776816703613633e+02 3.548217691794723123e+03 5.325878057628641500e+02 -8.940000000000000568e+01 1.362171526734670624e+06 5.201383552783014466e+02 1.100699956366907372e+03
1.000000000000000000e+01 1.223119031634326888e+02 -2.801515749240201103e+01 4.070525137466502130e+00 3.610301351963562979e+02 8.995853290265871749e+01 1.946369812935723473e+02 3.528292824330729218e+03 1.381638222870329400e+03 -8.940000000000000568e+01 1.329465652727560839e+06 1.369433687512321967e+03 1.130111245987432085e+03
1.100000000000000000e+01 1.223127761052973170e+02 -2.801427627452689961e+01 3.876297369683426197e+00 3.602148285193443371e+02 8.920347148968188833e+01 2.012860549141838362e+02 3.511116668482635305e+03 1.366892754583589522e+03 -8.940000000000000568e+01 1.239883497679372784e+06 1.354448778607528993e+03 1.146971365218151050e+03
1.200000000000000000e+01 1.223237872543129612e+02 -2.801166535571327643e+01 3.623957874386004807e+00 3.600870281948122624e+02 9.000719516219638194e+01 1.946516955372362361e+02 3.459933090577763778e+03 1.179845027678128872e+03 -8.940000000000000568e+01 1.115755566647534259e+06 1.166689552910290104e+03 1.195886261996025269e+03
1.300000000000000000e+01 1.223128314671908612e+02 -2.801422251661514196e+01 3.865621768564077687e+00 3.602540513188009186e+02 8.915591657637399692e+01 2.017023584825829516e+02 3.510375725933395643e+03 1.365936922643478283e+03 -8.940000000000000568e+01 1.236041881208298029e+06 1.353498745345666975e+03 1.147999640260975184e+03
1.400000000000000000e+01 1.223141856670248728e+02 -2.800845081620075305e+01 3.617456657435969003e+00 3.619343175054966082e+02 9.007850727076339581e+01 1.933274148070030662e+02 3.399157775732402570e+03 1.343074972651977532e+03 -8.940000000000000568e+01 1.165422394288293272e+07 1.329596461075240995e+03 1.258961296707842621e+03
1.500000000000000000e+01 1.223124560289597724e+02 -2.801291407058187843e+01 2.584158994272360399e+00 3.516628956688121548e+02 8.919757289246520315e+01 2.024914418583119016e+02 3.484981080981801824e+03 1.372885241526488926e+03 -8.940000000000000568e+01 2.481839313150770031e+05 1.359692841608777371e+03 1.173238185365361915e+03
1.600000000000000000e+01 1.223142390392606984e+02 -2.800840193858185145e+01 3.616152436325971387e+00 3.620191708834764199e+02 9.003684372296092420e+01 1.936706739661296695e+02 3.397990529147693451e+03 1.342352586113383950e+03 -8.940000000000000568e+01 1.165117213649467193e+07 1.328680949833290470e+03 1.259895839154271471e+03
1.700000000000000000e+01 1.223647561058832878e+02 -2.800716513738820979e+01 2.328650148449815216e+00 3.649937629812381488e+02 8.978320432275491214e+01 1.977369045241831316e+02 3.371406773485140093e+03 4.826053531183093241e+02 -8.940000000000000568e+01 1.023966108804869000e+05 4.688387670064581130e+02 1.277341340743401133e+03
1.800000000000000000e+01 1.223354416335004373e+02 -2.800198546515944642e+01 3.818152632189098838e+00 3.627251249126987886e+02 8.950966148944817746e+01 1.989708859538313845e+02 3.273116245245645132e+03 9.814528472124915197e+02 -8.940000000000000568e+01 8.870223902439864352e+06 9.668998828578048688e+02 1.380808141691502897e+03
1.900000000000000000e+01 1.223249453419481085e+02 -2.800402911791982774e+01 3.568199536777398873e+00 3.609415517229078887e+02 8.969063037004576699e+01 1.971926890098968670e+02 3.313311610823273440e+03 1.159967708187232347e+03 -8.940000000000000568e+01 2.565849959394095466e+06 1.145833453049570835e+03 1.342769537052196029e+03
2.000000000000000000e+01 1.223347450078046847e+02 -2.799992872968415014e+01 3.122687676838464377e+00 3.647714014801035205e+02 8.948085821247566685e+01 1.989431529923537312e+02 3.233651789231240855e+03 9.934600439308619571e+02 -8.940000000000000568e+01 1.022156249218064127e+06 9.784422839428164025e+02 1.420495506153493579e+03
2.100000000000000000e+01 1.223601823251887595e+02 -2.799590525881805902e+01 2.796706139578307937e+00 3.648188469521638240e+02 8.975108553954633805e+01 1.971607812821723087e+02 3.154593685829939204e+03 5.610187938014743168e+02 -8.940000000000000568e+01 5.249947919761280064e+05 5.449142080635054981e+02 1.494727680970966503e+03
2.200000000000000000e+01 1.223581734887116284e+02 -2.799369738298723931e+01 3.446217087240843746e+00 3.603634404134308511e+02 8.939363309066689567e+01 1.993407632484569092e+02 3.113320212596172041e+03 5.953833595520126210e+02 -8.940000000000000568e+01 1.561179790754945017e+06 5.787585733262634449e+02 1.537496348365911444e+03
