# id ra dec s L A b x y a flux x_0 y_0
0.000000000000000000e+00 1.257669657680946926e+02 5.786784582425755019e+01 2.271529224463813890e+00 6.557168614589778599e+02 9.029428994987603119e+01 1.722100206243150637e+02 8.547254784192784882e+02 1.125782459622066654e+03 8.870000000000000107e-01 6.217195487245165277e+05 8.376153627845359324e+02 1.104876172903482711e+03
1.000000000000000000e+00 1.258116105501545263e+02 5.785833943680470526e+01 2.033860862525338487e+00 6.550189882435571462e+02 8.997456557856796167e+01 1.742382040599664492e+02 1.316221579102960732e+03 1.307222873602747995e+03 8.870000000000000107e-01 3.274816400857676752e+06 1.295571548967355056e+03 1.293162911731982376e+03
2.000000000000000000e+00 1.258069084316228157e+02 5.785000582775454347e+01 2.061212746610599389e+00 6.548610439062332489e+02 9.029636621119504980e+01 1.718867503942442738e+02 1.268894325869279555e+03 1.469341279552581000e+03 8.870000000000000107e-01 1.960166029276757035e+06 1.246066041634360545e+03 1.455150989486861818e+03
3.000000000000000000e+00 1.258190162847594848e+02 5.780914757957209105e+01 3.554102353532261560e+00 6.469238943747204758e+02 8.999971195387762180e+01 1.745378593290952551e+02 1.400543957314107956e+03 2.264368339266356998e+03 8.870000000000000107e-01 7.189341660258597694e+05 1.365294948979292030e+03 2.251706910634265114e+03
4.000000000000000000e+00 1.257889783055009900e+02 5.779755139923970120e+01 2.145730563321428086e+00 6.528224348618654176e+02 9.031151501942134985e+01 1.721904205748675167e+02 1.092639798376163981e+03 2.492091921434070173e+03 8.870000000000000107e-01 8.195525232316465117e+05 1.054189401618030161e+03 2.475500283319261143e+03
5.000000000000000000e+00 1.257627305353329206e+02 5.776919573989781043e+01 3.348435410972042003e+00 6.471424806918145123e+02 9.000448867936448494e+01 1.746712779940635301e+02 8.270104293904716997e+02 3.046956180077671434e+03 8.870000000000000107e-01 1.250209229711345397e+05 7.794881848367288057e+02 3.025835417790579413e+03
6.000000000000000000e+00 1.257661153405287990e+02 5.775853983915023093e+01 2.118492959259837161e+00 6.522661592075066892e+02 9.033415443544660661e+01 1.722462801610280962e+02 8.632078279560574856e+02 3.253867961535989707e+03 8.870000000000000107e-01 1.065099496245047776e+06 8.128372498041870813e+02 3.233615133177683219e+03
7.000000000000000000e+00 1.258085171337786079e+02 5.778106676793243679e+01 3.698492123703704948e+00 6.491467452874987885e+02 8.998979889668915177e+01 1.748715752663993612e+02 1.296960357390402351e+03 2.811096293113392676e+03 8.870000000000000107e-01 8.922042584417015314e+04 1.253342853973493675e+03 2.797897766165925987e+03
8.000000000000000000e+00 1.257706198434483440e+02 5.775328346101346710e+01 2.094145281292837613e+00 6.520535410418754054e+02 9.034618946917406390e+01 1.721204415352303840e+02 9.109501148094884684e+02 3.356321055291321954e+03 8.870000000000000107e-01 1.177964081334975315e+06 8.585474636063960361e+02 3.336317552615858403e+03
