# id ra dec s L A b x y a flux x_0 y_0
0.000000000000000000e+00 1.715561070474426231e+02 -6.540412341184132394e+00 4.886697775884461414e+00 1.166429660138759488e+02 9.178468678075978460e+01 1.673217335938192605e+02 1.151670984361185447e+03 9.152605502334909033e+02 3.550000000000000000e+01 2.109131160208330024e+06 1.117705163119116833e+03 4.148804746353487189e+02
1.000000000000000000e+00 1.715391076978849867e+02 -6.538613509613467656e+00 3.631193003016008891e+00 1.129348217839084896e+02 9.005181445837304466e+01 1.693446126215261245e+02 1.436439526122947655e+03 7.547363799885919207e+02 3.550000000000000000e+01 5.551447549487869255e+06 1.442923486724691202e+03 4.492265233752447671e+02
2.000000000000000000e+00 1.715607823419184967e+02 -6.506124464992193879e+00 8.478838364920919801e+00 1.292375653882928361e+02 9.170455880720932385e+01 1.673691557720060246e+02 1.462519969663129359e+03 1.505548139466208340e+03 3.550000000000000000e+01 2.347006849879651796e+06 1.028799741411213290e+03 1.075163872834641779e+03
3.000000000000000000e+00 1.715878954379558650e+02 -6.503213063434738928e+00 6.534024136432860175e+00 1.192332056636161610e+02 9.004383324562058988e+01 1.694850369536685832e+02 1.072970996676994218e+03 1.851971400315058645e+03 3.550000000000000000e+01 1.153066818432182074e+06 5.101525273603542701e+02 1.131655011406895028e+03
4.000000000000000000e+00 1.715929509209082937e+02 -6.486103140659182920e+00 4.170622475284446296e+00 1.137778362939873773e+02 9.179367139022362210e+01 1.673331094531643828e+02 1.186293308705567824e+03 2.176385669722904368e+03 3.550000000000000000e+01 2.723006872113078833e+06 4.136831638443868542e+02 1.461176563271026453e+03
5.000000000000000000e+00 1.715259775764127426e+02 -6.452575090629246723e+00 6.165823863647323932e+00 1.156623040455943539e+02 8.993023767855558503e+01 1.696063553607309586e+02 2.603924763578292186e+03 1.957180356655818741e+03 3.550000000000000000e+01 1.115459748482920695e+06 1.695535214779094531e+03 2.105641102035818221e+03
6.000000000000000000e+00 1.716013986467740153e+02 -6.441876252652669166e+00 3.325084087486550821e+00 1.108349024241319256e+02 9.197659428984894703e+01 1.646695425415228158e+02 1.549447764481063359e+03 2.963038159852683748e+03 3.550000000000000000e+01 6.015615934468927979e+07 2.526884766156247224e+02 2.312865274268267967e+03
7.000000000000000000e+00 1.715133406881651865e+02 -6.429006307225753503e+00 9.297646012886701783e+00 1.323811993487379368e+02 8.979995664033397418e+01 1.698506381361238198e+02 3.063877880764296606e+03 2.185429526050877939e+03 3.550000000000000000e+01 1.883127423890528269e+06 1.937718126271485971e+03 2.559219955245441270e+03
8.000000000000000000e+00 1.715818838311965351e+02 -6.376667858417498280e+00 3.337033603155617811e+00 1.105585619272557523e+02 9.215739861989052883e+01 1.665663724855560304e+02 2.582914021829350986e+03 3.768432747741820549e+03 3.550000000000000000e+01 1.367303777672900073e+07 6.270210658026246620e+02 3.568103833287173074e+03
