# id ra dec s L A b x y a flux x_0 y_0
0.000000000000000000e+00 1.226871774290191155e+02 -2.760811606025210452e+01 3.769407353916542025e+00 3.714739816557143968e+02 8.952131393545246851e+01 1.811955291469604674e+02 4.228206614329808872e+03 1.603590157480642574e+03 -8.940000000000000568e+01 1.010913256789748184e+07 1.599144026615301073e+03 4.323583351445159337e+02
1.000000000000000000e+00 1.226319326583692373e+02 -2.760625262376697364e+01 2.824959400401684473e+00 3.651978989479041502e+02 9.000743402686043737e+01 1.783273829233682193e+02 4.264915327647241611e+03 6.488598733173245137e+02 -8.940000000000000568e+01 4.696589623462616000e+05 6.440482790498791701e+02 3.854330252531719907e+02
2.000000000000000000e+00 1.226284866609238975e+02 -2.760835593473478866e+01 3.293992305766574535e+00 3.699669885727904557e+02 8.949971002568932477e+01 1.820381732022326560e+02 4.223810158401102854e+03 5.884165519005454144e+02 -8.940000000000000568e+01 2.202665732650116086e+06 5.839382483231754577e+02 4.254352353845255266e+02
3.000000000000000000e+00 1.226286995954548757e+02 -2.760816863780642194e+01 3.337414414898093540e+00 3.702699589560926938e+02 9.000711416779898855e+01 1.779583207745382083e+02 4.228386085062513303e+03 5.921376280566612422e+02 -8.940000000000000568e+01 2.248317189756562933e+06 5.876662661008897430e+02 4.218549046050421794e+02
4.000000000000000000e+00 1.226798974044280044e+02 -2.761071459557871322e+01 5.466161108248504874e+00 3.616469702573052132e+02 8.905706221067367778e+01 1.821924974114278086e+02 4.178128764265300561e+03 1.477702495957853671e+03 -8.940000000000000568e+01 6.149141724068960175e+05 1.472578659284364903e+03 4.811414456907006070e+02
5.000000000000000000e+00 1.226338205756581203e+02 -2.761044612014150346e+01 3.150684189557562576e+00 3.648714491785781320e+02 9.043916922115668910e+01 1.747562456700613893e+02 4.184317253566787258e+03 6.805523841891929351e+02 -8.940000000000000568e+01 7.531413967151748948e+05 6.756921185139808586e+02 4.668802266943017685e+02
6.000000000000000000e+00 1.226768189004045126e+02 -2.761587550379352862e+01 2.876359434775626944e+00 3.651830996319196174e+02 8.907440041689415011e+01 1.858366873036921447e+02 4.078643101207580457e+03 1.424344914041818356e+03 -8.940000000000000568e+01 5.937221083788664546e+05 1.418052637640923194e+03 5.803131939932350178e+02
7.000000000000000000e+00 1.226955665139544323e+02 -2.761518163709305540e+01 2.685936725719398677e+00 3.660712114326429401e+02 9.044615821437044190e+01 1.748897357145747549e+02 4.091869944036659035e+03 1.748805074460263086e+03 -8.940000000000000568e+01 1.704204942838065326e+05 1.742474024261861814e+03 5.706639334517969928e+02
8.000000000000000000e+00 1.226108861850795222e+02 -2.761746479639679563e+01 3.615185305714757380e+00 3.689819849813559927e+02 8.899455515270894068e+01 1.859011652454687749e+02 4.048569918064506055e+03 2.837312386940371312e+02 -8.940000000000000568e+01 8.675602852512490936e+05 2.773498196697757407e+02 5.981822508943810135e+02
9.000000000000000000e+00 1.226271347612700851e+02 -2.762004658741812690e+01 3.378856061043001624e+00 3.708421168666438348e+02 9.057790610466312842e+01 1.742086157668757380e+02 3.998656355358124074e+03 5.652609321939903566e+02 -8.940000000000000568e+01 1.652073689991495106e+06 5.577489257501146085e+02 6.512147773817735015e+02
1.000000000000000000e+01 1.226260961247876793e+02 -2.762069490911093084e+01 3.220090213271978197e+00 3.700847477840278543e+02 8.899537081166639041e+01 1.869089021800887167e+02 3.985349178506666703e+03 5.474556206348034948e+02 -8.940000000000000568e+01 1.536424943537489278e+06 5.396306181193810971e+02 6.635500432213035538e+02
1.100000000000000000e+01 1.226906642612492675e+02 -2.762013105185937079e+01 3.245504205768671824e+00 3.700426215434941355e+02 9.055249846603986441e+01 1.742436540226197508e+02 3.996429768281052020e+03 1.663423260975078392e+03 -8.940000000000000568e+01 1.256805905238749925e+06 1.656448937304074889e+03 6.653719250330058230e+02
1.200000000000000000e+01 1.226142738586562899e+02 -2.762352539312781730e+01 3.346714624733138965e+00 3.692319578678719267e+02 8.894798840899002812e+01 1.866812143566010604e+02 3.931124432683327996e+03 3.429713968564768152e+02 -8.940000000000000568e+01 1.620357025687713409e+06 3.344971287640594824e+02 7.160105906784865510e+02
1.300000000000000000e+01 1.226263606444825029e+02 -2.762599333841961169e+01 3.037741087990391442e+00 3.651848166874937078e+02 9.059507492223237080e+01 1.739428746246524611e+02 3.883755886495251616e+03 5.517068563864996804e+02 -8.940000000000000568e+01 3.788703266762187704e+05 5.429341535370755309e+02 7.660466556537838869e+02
1.400000000000000000e+01 1.226168900740121188e+02 -2.762931083508758690e+01 3.366950398615781825e+00 3.697506690979351447e+02 9.069421560192043330e+01 1.731842564698819729e+02 3.819479711816575673e+03 3.878967184408779190e+02 -8.940000000000000568e+01 2.332127112420075573e+06 3.783626641343838060e+02 8.283726724833182971e+02
1.500000000000000000e+01 1.226306700265351282e+02 -2.763429236127921484e+01 2.266281309812295586e+00 3.648507214728930421e+02 8.881812122182128633e+01 1.864298520669912591e+02 3.723500791195274815e+03 6.256151251221502889e+02 -8.940000000000000568e+01 1.995888342536808923e+05 6.154622964049733582e+02 9.273403676275762564e+02
1.600000000000000000e+01 1.226215004642178883e+02 -2.763546166145297178e+01 2.920081001477528027e+00 3.653303100509525052e+02 9.057701448410293210e+01 1.730379571687383873e+02 3.700976511188470340e+03 4.666198859016108145e+02 -8.940000000000000568e+01 2.463378888467815705e+05 4.566196514452201427e+02 9.481828860378872150e+02
1.700000000000000000e+01 1.226187046506727967e+02 -2.763774928483310944e+01 3.142030676857592297e+00 3.689002906702770019e+02 8.901542858993730079e+01 1.868626262529907081e+02 3.655513928393768310e+03 4.185294396147911016e+02 -8.940000000000000568e+01 1.941658561688727001e+06 4.077280436251387528e+02 9.918781042066023019e+02
1.800000000000000000e+01 1.226502815018081662e+02 -2.764457272786879116e+01 3.369621226665941105e+00 3.706236821736444540e+02 9.060432260393932324e+01 1.741360434466740514e+02 3.524354545170933307e+03 9.647867682755311307e+02 -8.940000000000000568e+01 3.283764167832884006e+06 9.520852486378813637e+02 1.129928161193200140e+03
1.900000000000000000e+01 1.226484710561802132e+02 -2.764578974358063235e+01 3.275840775257723436e+00 3.701256656044916440e+02 8.901640629377320124e+01 1.869648350602709286e+02 3.499688906985812991e+03 9.334375533556309392e+02 -8.940000000000000568e+01 3.153383319565409329e+06 9.204850457945847211e+02 1.153104697122379321e+03
2.000000000000000000e+01 1.226846442105143922e+02 -2.764946868030343552e+01 2.597725632096014703e+00 3.665826636144852841e+02 8.716644250415554041e+01 1.722697876126095480e+02 3.428315129828006775e+03 1.557893034156584463e+03 -8.940000000000000568e+01 2.630698549425879028e+05 1.545023206181941305e+03 1.231407146066193945e+03
2.100000000000000000e+01 1.226255915974679027e+02 -2.765643415918685477e+01 3.589607182423252496e+00 3.649999742052825127e+02 8.997833787795502758e+01 1.610958719540684285e+02 3.295476858713106594e+03 5.370915381772189221e+02 -8.940000000000000568e+01 3.127153145544324070e+04 5.223349259053999276e+02 1.354473623767768458e+03
2.200000000000000000e+01 1.226798535621722550e+02 -2.765573902960696628e+01 2.476618800208464144e+00 3.646009357073107822e+02 8.981571161004357862e+01 1.820381458808557511e+02 3.307816311931044766e+03 1.475510314545505480e+03 -8.940000000000000568e+01 1.329320554162606131e+05 1.460634996343747616e+03 1.351684712984309954e+03
2.300000000000000000e+01 1.226800797885664025e+02 -2.765552296668615639e+01 2.524732175919484511e+00 3.651190806520781393e+02 8.998412196248574446e+01 1.807557168119264475e+02 3.311415120130223841e+03 1.478949098670454077e+03 -8.940000000000000568e+01 1.377180190412853844e+05 1.464599915599753331e+03 1.347552387998179711e+03
2.400000000000000000e+01 1.226732653311387509e+02 -2.765583887038631516e+01 2.777632215765891033e+00 3.672439424811391291e+02 9.084126221938960555e+01 1.820816986170607379e+02 3.305929887445768600e+03 1.361362374401820261e+03 -8.940000000000000568e+01 1.004421595580193680e+05 1.346706214795976393e+03 1.352300096642741892e+03
2.500000000000000000e+01 1.226173307070699821e+02 -2.765812659769489912e+01 2.776264067720685347e+00 3.673912069280665378e+02 8.873516366442120784e+01 1.851244923700733978e+02 3.262096288113363698e+03 3.943982695317975526e+02 -8.940000000000000568e+01 4.125079649588409811e+05 3.791105199621327984e+02 1.385611212469603515e+03
