# id ra dec s L A b x y a flux x_0 y_0
0.000000000000000000e+00 1.954027038084758772e+02 1.076909858194345659e+01 1.881980057204872825e+00 8.367980242692783577e+01 9.059744705395816311e+01 1.347025762874896486e+02 2.182458170562770192e+03 1.976956670586856035e+03 5.470000000000000284e+01 1.645592334405436646e+06 1.054747201703931069e+03 1.926460391831617244e+03
1.000000000000000000e+00 1.953537559908284607e+02 1.079684986348586939e+01 2.644766247172948059e+00 8.624885470743765836e+01 9.005757832145562247e+01 1.342144935494077913e+02 3.160591795869672296e+03 1.531875468808849519e+03 5.470000000000000284e+01 7.788034525629237760e+05 1.982316795164381347e+03 2.468103626485519271e+03
2.000000000000000000e+00 1.954234136990212960e+02 1.081264965772926345e+01 1.962279933601567050e+00 8.371131444358076124e+01 9.049958670705632358e+01 1.346504637180359509e+02 2.641732125436704337e+03 2.793036133335042905e+03 5.470000000000000284e+01 1.333771929708363721e+06 6.546982609384535863e+02 2.772927733710292159e+03
3.000000000000000000e+00 1.953606064968269322e+02 1.084749659653238218e+01 2.214699575672185006e+00 8.479340456546532323e+01 9.014200279006927019e+01 1.329197505110452084e+02 3.884848218027288112e+03 2.214906684228530139e+03 5.470000000000000284e+01 3.167789022537447885e+07 1.844848691439604863e+03 3.453052298870840787e+03
4.000000000000000000e+00 1.953527375250890259e+02 1.084843722494651175e+01 1.848300147696845475e+00 8.354027790348732196e+01 9.041387883102572687e+01 1.345691410999359334e+02 3.986057884860479135e+03 2.103112586202750208e+03 5.470000000000000284e+01 1.606055476078065345e+06 1.994422955932842115e+03 3.471650924348905846e+03
5.000000000000000000e+00 1.954511935004242105e+02 1.086201232072268397e+01 4.460890643082433549e+00 1.033415210319955690e+02 8.997385841366492798e+01 1.343645674637423326e+02 3.115893355847421844e+03 3.784087794165950072e+03 5.470000000000000284e+01 8.387829766758051701e+05 1.194856083979843788e+02 3.732232378054328365e+03
6.000000000000000000e+00 1.954133816393042196e+02 1.086229001262488758e+01 4.555060311740529500e+00 9.534176101792196789e+01 9.058114758231175756e+01 1.347719730097987565e+02 3.536377535675638228e+03 3.200534805176631380e+03 5.470000000000000284e+01 8.652848275968285743e+05 8.387783491772174784e+02 3.738901542922059434e+03
7.000000000000000000e+00 1.953885840276757335e+02 1.089034736490334510e+01 4.414567285522503326e+00 1.039001505011484170e+02 8.998615718189405754e+01 1.342347646925853155e+02 4.252984732854667527e+03 3.135008341155303697e+03 5.470000000000000284e+01 5.849609465696220286e+05 1.306636801971797468e+03 4.285563434803186283e+03
8.000000000000000000e+00 1.953800321632124621e+02 1.089821016753920446e+01 1.905434768655621225e+00 8.342148528395054541e+01 9.054135044433736823e+01 1.347109359577009400e+02 4.471173412172468488e+03 3.091409464786638182e+03 5.470000000000000284e+01 1.446092150150994305e+06 1.468216891863233514e+03 4.438825698473759985e+03
