# id ra dec s L A b x y a flux x_0 y_0
0.000000000000000000e+00 1.983871118281788029e+02 5.732444870596167164e+01 1.401633900376968001e+00 2.982818172413322486e+02 8.983743356536363933e+01 1.560545185744238950e+02 9.986056153923063903e+02 4.129443003629288569e+02 8.665999999999999659e+01 3.600741942265425622e+07 1.751181882851003138e+03 8.973145081843384787e+02
1.000000000000000000e+00 1.984362722702728945e+02 5.732715848009014792e+01 1.521026083765055548e+00 2.995685195766007496e+02 9.029464064349923547e+01 1.616728278124962799e+02 1.026906403447758748e+03 9.252853146536912163e+02 8.665999999999999659e+01 7.000238732775107492e+05 1.240805451446845609e+03 9.552619228112819201e+02
2.000000000000000000e+00 1.984733970845452689e+02 5.736854997145157142e+01 1.815431775513885571e+00 2.997765341412852536e+02 8.991389708879805198e+01 1.587730038076595065e+02 1.804916778813061910e+03 1.347507502844679948e+03 8.665999999999999659e+01 4.406717062543492066e+05 8.647035338592316975e+02 1.756751039029868480e+03
3.000000000000000000e+00 1.984839055728764095e+02 5.739422203916083021e+01 3.871889181307632821e+00 3.025400637564290491e+02 9.028576038374446000e+01 1.612334765352803174e+02 2.293497398053985762e+03 1.479579132887754895e+03 8.665999999999999659e+01 3.339891803643172607e+05 7.617333490904815108e+02 2.252336854764719192e+03
4.000000000000000000e+00 1.984794603840382194e+02 5.746116428161234069e+01 1.877487343655970919e+00 2.998449738079041822e+02 9.004393301876177702e+01 1.588773462874060840e+02 3.583444669135670210e+03 1.492059887554622719e+03 8.665999999999999659e+01 3.984797087018719176e+05 8.237399350486007279e+02 3.540550797017330297e+03
5.000000000000000000e+00 1.985102288251585776e+02 5.746597395033939648e+01 1.564614174046389250e+00 2.991246217319621223e+02 9.031020931032576016e+01 1.603635558458950925e+02 3.661236934019294495e+03 1.814912772775792519e+03 8.665999999999999659e+01 5.761830790592998965e+05 5.063016858296798546e+02 3.637144860912612330e+03
6.000000000000000000e+00 1.985118038706548020e+02 5.746608126785940840e+01 1.577871622625256265e+00 2.992434014934929678e+02 9.004435448103937745e+01 1.586950463835904088e+02 3.662320782100678116e+03 1.831288495769597603e+03 8.665999999999999659e+01 5.820495497171671595e+05 4.900199536159160516e+02 3.639419468061439147e+03
7.000000000000000000e+00 1.984401027397771031e+02 5.747924627941016240e+01 4.563098635816570159e+00 3.073551434085595133e+02 9.027895585929398692e+01 1.603878623934456300e+02 3.949575085856274200e+03 1.101392733403660259e+03 8.665999999999999659e+01 3.911483978606278542e+05 1.235397981170317280e+03 3.883765424385157075e+03
8.000000000000000000e+00 1.984332547990399007e+02 5.749861645711149549e+01 1.386968575843670282e+00 2.974352739047486125e+02 9.005498246198378354e+01 1.587747170016058078e+02 4.325852991051303434e+03 1.048246650618464400e+03 8.665999999999999659e+01 1.585953835507401032e+06 1.310620900086773418e+03 4.255855350766422816e+03
