# id ra dec s L A b x y a flux x_0 y_0
0.000000000000000000e+00 8.027410734883940790e+01 1.347205626007432500e+01 2.362051187924056439e+00 1.205553467604030971e+02 8.971798068705997764e+01 1.743167199860853600e+02 4.195264649879558419e+03 3.541800988010148785e+02 -6.890000000000000568e+01 8.524918865466410294e+06 2.802860180922079962e+02 2.551012742983396038e+02
1.000000000000000000e+00 8.028008564698818361e+01 1.347394960224796279e+01 2.960846107253302772e+00 1.223710200495826541e+02 9.003695300287918712e+01 1.738104379479135559e+02 4.121179722605387724e+03 2.624883861098404623e+02 -6.890000000000000568e+01 1.365159590568163898e+06 1.684058064214847548e+02 2.917295257560572281e+02
2.000000000000000000e+00 8.024518383219364637e+01 1.347602955166796512e+01 2.457130105635275896e+00 1.210132989577755609e+02 8.964705260072180693e+01 1.746769923460808229e+02 4.319855470059270374e+03 8.869261963095852934e+02 -6.890000000000000568e+01 3.637234477644610684e+06 8.219627586536889794e+02 3.307958060727146403e+02
3.000000000000000000e+00 8.024528443979444603e+01 1.347629246479781706e+01 2.435280319441911701e+00 1.209435554525276331e+02 9.003487924344639737e+01 1.734639710087481603e+02 4.314468727894938638e+03 8.868793018602133316e+02 -6.890000000000000568e+01 3.593271883025396150e+06 8.200863672813273979e+02 3.358605219055268094e+02
4.000000000000000000e+00 8.019896540147452413e+01 1.348677952262265123e+01 2.309704562041920983e+00 1.205453005067314223e+02 8.967653768002524828e+01 1.741491184881543006e+02 4.439873147216658253e+03 1.768054619900531179e+03 -6.890000000000000568e+01 1.347661897310948372e+07 1.687599555473358805e+03 5.366149268922628153e+02
5.000000000000000000e+00 8.025032454456609798e+01 1.349594035107387135e+01 2.669994416476740184e+00 1.213383337802625590e+02 9.010194598746414840e+01 1.736666289472142921e+02 3.927532885500129396e+03 9.348687688546582422e+02 -6.890000000000000568e+01 1.620395332605600823e+06 7.262745288137053876e+02 7.142885553125036040e+02
6.000000000000000000e+00 8.019140322571213630e+01 1.350621469454769574e+01 2.571670483633341941e+00 1.210789337101825396e+02 8.962646267364199559e+01 1.749974314435899316e+02 4.142023399790279655e+03 2.035113538503865584e+03 -6.890000000000000568e+01 1.858336750129302265e+06 1.829643903490307821e+03 9.106354214561467870e+02
7.000000000000000000e+00 8.027547052290661611e+01 1.351627505229859771e+01 3.249110407105613163e+00 1.230927658309317394e+02 9.013852290556530988e+01 1.735475966587965502e+02 3.392504475525776343e+03 6.373886973722164839e+02 -6.890000000000000568e+01 1.236440378858946962e+06 2.561048634076867074e+02 1.106512174318349707e+03
8.000000000000000000e+00 8.023009345213814925e+01 1.352017474053455715e+01 4.616055665774386085e+00 1.270375278321945416e+02 8.962930533062676375e+01 1.751361542240209417e+02 3.629514401120999537e+03 1.456788462198298475e+03 -6.890000000000000568e+01 1.212504620736520970e+06 1.105691340257274760e+03 1.180350717487759312e+03
9.000000000000000000e+00 8.027899159180793731e+01 1.352330983009312781e+01 2.627206997502803176e+00 1.210941719221595321e+02 9.019822429975657485e+01 1.735111829785576845e+02 3.241846337276655959e+03 6.248856269907960268e+02 -6.890000000000000568e+01 1.875286509276958648e+06 1.904039518821675188e+02 1.242059779135651524e+03
1.000000000000000000e+01 8.027706089251157096e+01 1.352213178592500142e+01 6.543245832389714245e+00 1.671539063901477107e+02 8.974333652368679282e+01 1.753383460277244126e+02 3.275998976809878059e+03 6.508185724642621608e+02 -6.890000000000000568e+01 1.387265047686388018e+06 2.265108126634142991e+02 1.219321570800575500e+03
1.100000000000000000e+01 8.023300541774149508e+01 1.352596963508387873e+01 2.288675850971437775e+00 1.196096981784098574e+02 9.006659697094976025e+01 1.732844973093016847e+02 3.505571821301276032e+03 1.446622889655341169e+03 -6.890000000000000568e+01 1.303507972257196717e+07 1.051335404041864649e+03 1.291997640923825657e+03
1.200000000000000000e+01 8.019395422999903644e+01 1.353190701769841375e+01 3.185604842431497108e+00 1.197493504596494915e+02 8.990682159129971751e+01 1.724802895801343823e+02 3.663399200542085509e+03 2.169089637285796925e+03 -6.890000000000000568e+01 4.680054308940829337e+07 1.782499968597313682e+03 1.405358383260087294e+03
1.300000000000000000e+01 8.021148670516018342e+01 1.352757143948715424e+01 3.171092353672801512e+00 1.223677957155175875e+02 8.981547019379478058e+01 1.744261121530181811e+02 3.622702877359668491e+03 1.833404230065240426e+03 -6.890000000000000568e+01 1.189705587224359624e+06 1.454198292546119774e+03 1.322297755687795416e+03
1.400000000000000000e+01 8.020442163423868465e+01 1.352872281724808801e+01 2.810918305583261834e+00 1.213848314070260841e+02 8.992060454880385123e+01 1.740906747319517365e+02 3.649584725521944165e+03 1.964440455589488693e+03 -6.890000000000000568e+01 1.459100233030449599e+06 1.586481044109130153e+03 1.344296070230666828e+03
1.500000000000000000e+01 8.023311845883691262e+01 1.352588782718119198e+01 2.289585551164070587e+00 1.196133260285807012e+02 8.989023486547908703e+01 1.738413227004618591e+02 3.506248628787050166e+03 1.444096643607936130e+03 -6.890000000000000568e+01 1.304258704390473478e+07 1.049217102978288949e+03 1.290425486500302213e+03
1.600000000000000000e+01 8.019751755020745065e+01 1.353255853243909357e+01 6.979963525225629795e+00 1.592023201813391324e+02 9.018147851353205624e+01 1.743395131729849084e+02 3.627771524128093006e+03 2.111749209470802271e+03 -6.890000000000000568e+01 1.823138225360688986e+06 1.715813666233300637e+03 1.417984498593278886e+03
1.700000000000000000e+01 8.021393639668663411e+01 1.353649111830122287e+01 2.385720371726474998e+00 1.196412834733972517e+02 8.993514251686409011e+01 1.740388942942272763e+02 3.445569806970844638e+03 1.852077614660172230e+03 -6.890000000000000568e+01 4.157322189881206490e+06 1.408568599545960296e+03 1.494091727481633598e+03
1.800000000000000000e+01 8.022395853811674726e+01 1.354033948297843715e+01 3.278232060550337224e+00 1.227573779352265433e+02 8.987837539082181593e+01 1.745226555447176793e+02 3.308460362203373279e+03 1.704588184199276839e+03 -6.890000000000000568e+01 1.196854362152904272e+06 1.221067412112587363e+03 1.568435100651886387e+03
1.900000000000000000e+01 8.022555432687046562e+01 1.354385768478503316e+01 2.329274189921449079e+00 1.195516731164325961e+02 8.997123762726367602e+01 1.738657487384616900e+02 3.234942995001204054e+03 1.701445277376011973e+03 -6.890000000000000568e+01 9.367162530060922727e+06 1.191289527905971909e+03 1.636212895853594546e+03
2.000000000000000000e+01 8.023230563383228287e+01 1.355005628987670363e+01 2.352178164834467289e+00 1.195150962320505243e+02 8.994201613502663406e+01 1.742119401476142855e+02 3.078733874117122014e+03 1.626000482261159505e+03 -6.890000000000000568e+01 8.707591248043665662e+06 1.065083976517784549e+03 1.755730336774560328e+03
2.100000000000000000e+01 8.023257970650927007e+01 1.355117444164757501e+01 6.165267231454444996e+00 1.691788461271575557e+02 8.985280135568824278e+01 1.745443870810110809e+02 3.056076396012028908e+03 1.628980473830020173e+03 -6.890000000000000568e+01 1.473912131206107093e+06 1.059984097649235764e+03 1.777265676912699519e+03
2.200000000000000000e+01 8.025027032061473165e+01 1.355371603792002588e+01 2.586904565443090664e+00 1.205320621023107606e+02 9.002591618552629882e+01 1.741969395868426886e+02 2.890609580505763461e+03 1.338526314973308672e+03 -6.890000000000000568e+01 2.143600656398617197e+06 7.289286876335438592e+02 1.826670901906576546e+03
2.300000000000000000e+01 8.020452605194249429e+01 1.355612654039703102e+01 2.739572791239023974e+00 1.207593754117304030e+02 8.974577332237292637e+01 1.747404519987966012e+02 3.156397815873234322e+03 2.153271441531515848e+03 -6.890000000000000568e+01 1.541482285122635309e+06 1.585204034888249907e+03 1.871912811621662740e+03
