# id ra dec s L A b x y a flux x_0 y_0
0.000000000000000000e+00 5.331644021694281577e+01 -2.367560585761518865e+01 3.349006285361877833e+00 7.368718288855656340e+01 9.140464759099610603e+01 4.072497024311773117e+01 5.068910538926406844e+02 1.419225230397953737e+03 4.389999999999999858e+01 9.307413253188879462e+05 3.959308865282620218e+02 3.183682537172256275e+02
1.000000000000000000e+00 5.327514724510032096e+01 -2.365138634575932386e+01 3.777992005215287108e+00 7.527831949658988719e+01 9.001199363533005737e+01 4.082151073442808809e+01 1.362539239506960485e+03 1.245642788914355606e+03 4.389999999999999858e+01 4.789654679865079233e+05 1.132818263908764266e+03 7.869907813075092236e+02
2.000000000000000000e+00 5.323430252184665079e+01 -2.362467798870036617e+01 3.398228135826149021e+00 7.446492213615923106e+01 9.150529517082118502e+01 4.073698700043665610e+01 2.246137552617749861e+03 1.113843223707170182e+03 4.389999999999999858e+01 6.497548772292532958e+05 1.861483363819864735e+03 1.304089516187726531e+03
3.000000000000000000e+00 5.333328088464051575e+01 -2.361710980971676932e+01 7.938764381056729214e+00 9.096118362136067503e+01 9.010893025451952099e+01 4.083828003314425104e+01 1.073938968920979733e+03 2.462789828741900237e+03 4.389999999999999858e+01 2.850164746395818656e+05 8.220554134759856879e+01 1.463314395971561680e+03
4.000000000000000000e+00 5.330429018079778558e+01 -2.358364171878412208e+01 3.242812134304027705e+00 7.338987459553193560e+01 9.130733888822379640e+01 4.073211447880976266e+01 1.896097370661572313e+03 2.575021881327506890e+03 4.389999999999999858e+01 9.706363495443281718e+05 5.965800020459192865e+02 2.114134473258629441e+03
5.000000000000000000e+00 5.323660127615945470e+01 -2.354883162993432322e+01 3.003335394712812967e+00 7.312243273805376020e+01 9.203206221715706192e+01 4.063435193735833906e+01 3.234786514961663670e+03 2.221012704449866305e+03 4.389999999999999858e+01 3.037316509501711931e+06 1.806452762285036442e+03 2.786510409948378310e+03
6.000000000000000000e+00 5.325714687385698909e+01 -2.354959668002258155e+01 1.008951208844915826e+01 9.922741453827616454e+01 8.989582438614719706e+01 4.088409329486877652e+01 2.960024109518958085e+03 2.467182670142633469e+03 4.389999999999999858e+01 3.863504893630975857e+05 1.437347804566120431e+03 2.774005105902080686e+03
7.000000000000000000e+00 5.328634141149085934e+01 -2.354960908770943107e+01 4.484130783211840665e+00 7.770169563586000550e+01 9.176254914332089641e+01 4.075095952253366960e+01 2.584276997303987173e+03 2.834052609354876495e+03 4.389999999999999858e+01 3.263346826220458606e+05 9.126727972260721344e+02 2.777145771822977622e+03
8.000000000000000000e+00 5.332585808034907160e+01 -2.347278886942186915e+01 5.407825082623211266e+00 8.115434275329687352e+01 9.069045276665261213e+01 4.085807869003203763e+01 3.105788085691344349e+03 4.421113612180776727e+03 4.389999999999999858e+01 2.333235611513057956e+05 1.876553010718671430e+02 4.282694912495984681e+03
