# id ra dec s L A b x y a flux x_0 y_0
0.000000000000000000e+00 7.268742944854353993e+01 1.161939759258174476e+01 9.256065457227753868e+00 1.795138662281303823e+02 8.864019682469060513e+01 2.754186010421604465e+02 2.287659737833022064e+03 3.790097377049129364e+02 -5.480000000000000426e+00 8.908112730944538489e+05 1.870617754698971339e+03 2.011176973384844757e+02
1.000000000000000000e+00 7.277530534076483093e+01 1.168340386345342985e+01 4.059915543594339482e+00 1.522616549364232696e+02 9.002282021151330582e+01 2.898107270828475635e+02 4.720159304600122141e+02 1.445165340335068095e+03 -5.480000000000000426e+00 2.542011767686330713e+05 1.651098166370871070e+02 1.435783674356113124e+03
2.000000000000000000e+00 7.272347774485257332e+01 1.168590688526930599e+01 1.709996914754300379e+00 1.449407666979365388e+02 8.832760455441392367e+01 2.749197594501884510e+02 1.458844700794776827e+03 1.593751789315389033e+03 -5.480000000000000426e+00 3.165290420962170232e+06 1.162060968359187427e+03 1.489118779399756932e+03
3.000000000000000000e+00 7.277019572743814990e+01 1.169071612083208223e+01 3.354655624842881156e+00 1.480891495239432061e+02 8.999144288332287545e+01 2.932947578900860321e+02 5.550004941661082967e+02 1.597000789023859852e+03 -5.480000000000000426e+00 1.735550957201643614e+05 2.618722880217941338e+02 1.578221196170775102e+03
4.000000000000000000e+00 7.270612812209563458e+01 1.169288993967658818e+01 3.683501068121652455e+00 1.500827642688193180e+02 8.849432026268067375e+01 2.755223367635754812e+02 1.776927325669166976e+03 1.762457701489927786e+03 -5.480000000000000426e+00 4.857408909158568131e+05 1.494441179613182612e+03 1.626332214354689313e+03
5.000000000000000000e+00 7.272903435323716792e+01 1.172104321699593044e+01 3.699699096115917740e+00 1.496358182018799141e+02 9.000430536638103263e+01 2.914265406131502232e+02 1.280044070448856246e+03 2.260944392261939811e+03 -5.480000000000000426e+00 2.221208287926591001e+05 1.047426324630055660e+03 2.170831397179817031e+03
6.000000000000000000e+00 7.269515857827954619e+01 1.172168239882455332e+01 1.873578824296766143e+00 1.454687863122526039e+02 8.838543236768583711e+01 2.753041659661240601e+02 1.926759943190897275e+03 2.339292925482611281e+03 -5.480000000000000426e+00 1.086032855515211355e+06 1.699192097520893867e+03 2.186425586683771144e+03
7.000000000000000000e+00 7.272505778595984793e+01 1.172169445274091260e+01 1.077663358144561911e+01 1.784833259624628852e+02 8.986275662751819482e+01 2.926806560051848578e+02 1.354963826170778020e+03 2.281527545243595796e+03 -5.480000000000000426e+00 8.313585375331151299e+05 1.123808552006919854e+03 2.183845863264260515e+03
8.000000000000000000e+00 7.271994100032878805e+01 1.172393878566681380e+01 1.756149178098403096e+00 1.451325164087888595e+02 8.853613121121101415e+01 2.767405961087252990e+02 1.447655302370208346e+03 2.335404781331244521e+03 -5.480000000000000426e+00 1.631285456809730735e+06 1.221783090847343374e+03 2.227900473400211467e+03
9.000000000000000000e+00 7.269561219667363616e+01 1.172548952457973037e+01 1.324663785071872724e+01 2.008036491623665256e+02 8.967596972896748753e+01 2.909220396530091080e+02 1.910063036963751529e+03 2.411776576970405586e+03 -5.480000000000000426e+00 1.091288613893913105e+06 1.689620452958411306e+03 2.260304216680423906e+03
1.000000000000000000e+01 7.270989825983834010e+01 1.172988987433345009e+01 1.930217033628309986e+00 1.457844961175257197e+02 8.873685235109527980e+01 2.786290558687883276e+02 1.628095882116225766e+03 2.469324067842888326e+03 -5.480000000000000426e+00 8.718333978380258195e+05 1.413733465809283189e+03 2.344392533254991122e+03
1.100000000000000000e+01 7.273443929611524084e+01 1.173224037360881944e+01 1.324253484112431423e+01 2.032333319818592940e+02 8.978401305605109428e+01 2.886629125153963855e+02 1.152962954249070663e+03 2.467051518208865218e+03 -5.480000000000000426e+00 1.063526451622002758e+06 9.409676634857494264e+02 2.387741020178874351e+03
1.200000000000000000e+01 7.269372559179709015e+01 1.173997847390792160e+01 2.123564580881148078e+00 1.466277353200474352e+02 8.860225598450426787e+01 2.775947169499695519e+02 1.917107857032897982e+03 2.695007264092234436e+03 -5.480000000000000426e+00 6.258812078016642481e+05 1.722718982060168400e+03 2.541811034021958221e+03
1.300000000000000000e+01 7.269062541581163828e+01 1.174836495932148850e+01 1.075687477735187869e+01 1.852949137104425859e+02 9.001445955191620385e+01 2.902157211168342883e+02 1.958916248047254157e+03 2.863608921232439570e+03 -5.480000000000000426e+00 8.116106514567574486e+05 1.780517048515509032e+03 2.704944355959201857e+03
1.400000000000000000e+01 7.276346405530098593e+01 1.174120720862601885e+01 2.057606990522804047e+00 1.455909410534375468e+02 8.838040376926383601e+01 2.752199212234455672e+02 5.793068560234586357e+02 2.583909845137259254e+03 -5.480000000000000426e+00 7.923301513760829112e+05 3.805018002064575739e+02 2.559189100760955625e+03
1.500000000000000000e+01 7.271593621606938029e+01 1.175803082302811653e+01 6.112355392383700625e+00 1.595030184853295623e+02 9.003750981654415853e+01 2.926930269986229973e+02 1.453982107786829602e+03 3.001296559568014800e+03 -5.480000000000000426e+00 4.098209197529889643e+05 1.291357847046283950e+03 2.890226836511254987e+03
1.600000000000000000e+01 7.276160331044462737e+01 1.175838412270162081e+01 4.553278466384188761e+00 1.525481949132554007e+02 8.862892965859278149e+01 2.749729582714483058e+02 5.796275208211046674e+02 2.919788420484092057e+03 -5.480000000000000426e+00 5.392726419513376895e+05 4.125871589012419918e+02 2.892872694533923550e+03
1.700000000000000000e+01 7.268774954204690175e+01 1.176040481790160541e+01 5.124455543887442843e+00 1.571975346335189272e+02 9.001384654553801568e+01 2.654954287886080806e+02 1.988995950648876033e+03 3.101024681246946329e+03 -5.480000000000000426e+00 4.547398188446050044e+05 1.833185379385639180e+03 2.938993248768872945e+03
1.800000000000000000e+01 7.271670576526491914e+01 1.176285120153167618e+01 6.704760803254448120e+00 1.633252247745547265e+02 8.854933939502578255e+01 2.752497314901759751e+02 1.428549377898148123e+03 3.092631198360800681e+03 -5.480000000000000426e+00 7.003407071681073867e+05 1.275491492339281194e+03 2.983749909191143161e+03
1.900000000000000000e+01 7.268823684630018533e+01 1.176047944254413657e+01 9.713859531330589547e+00 1.742384585616447339e+02 9.010751046654662844e+01 2.908155258400692560e+02 1.978958716329737854e+03 3.101920910112600268e+03 -5.480000000000000426e+00 6.929769369736146182e+05 1.823792408657106762e+03 2.940395566622185015e+03
2.000000000000000000e+01 7.271153172419217015e+01 1.176991704841657160e+01 1.052023837674524387e+01 1.835152185670281142e+02 8.899091471246175900e+01 2.743127213855705122e+02 1.513230971048358242e+03 3.238934450378528254e+03 -5.480000000000000426e+00 1.163134975291797426e+06 1.373490613588531687e+03 3.121430671632390386e+03
2.100000000000000000e+01 7.271344030694420724e+01 1.177552764186855683e+01 5.815238065221551622e+00 1.584960863185902440e+02 9.011443455185911944e+01 2.858595605837703033e+02 1.466063885711310149e+03 3.343697326711053393e+03 -5.480000000000000426e+00 4.005386157119958661e+05 1.335534275859690979e+03 3.230189601706093526e+03
