# id ra dec s L A b x y a flux x_0 y_0
0.000000000000000000e+00 5.368445014127665615e+01 -2.269077018807053037e+01 2.577940491865323924e+00 7.187740870272956784e+01 9.276766137354120190e+01 9.542377101147033613e+01 1.429731492505550023e+03 4.414275134483030456e+02 4.389999999999999858e+01 6.147880978830031119e+06 1.738871598143587562e+03 2.543254618225552122e+02
1.000000000000000000e+00 5.363609299590154933e+01 -2.269277820282279023e+01 5.095512554175039455e+00 8.178735863323620947e+01 8.973200863555840101e+01 9.613846712202736455e+01 8.310992667516744632e+02 1.063813947792295039e+03 4.389999999999999858e+01 4.057335441377401585e+05 8.765293144429031145e+02 2.874221512193475405e+02
2.000000000000000000e+00 5.362375898273462127e+01 -2.269995615831992453e+01 2.642538107321201757e+00 7.202206183554343966e+01 9.318841610287445576e+01 9.542603081362022976e+01 7.685607991398981085e+02 1.316097832481229716e+03 4.389999999999999858e+01 5.546458139326021075e+06 6.563006887462685199e+02 4.254836945410349358e+02
3.000000000000000000e+00 5.368067546673348289e+01 -2.270185856113913658e+01 1.201532182039180086e+01 1.008604664945336964e+02 8.996308372150869559e+01 9.623491849211556826e+01 1.530455943772735736e+03 6.440744673450828941e+02 4.389999999999999858e+01 1.371876026245447341e+06 1.671011936233710685e+03 4.693951280182436676e+02
4.000000000000000000e+00 5.366499985572453113e+01 -2.274266741539256032e+01 2.914334760133902247e+00 7.283843066848896797e+01 9.261348649836585878e+01 9.563816290950998678e+01 1.875948527628031343e+03 1.410492884539836723e+03 4.389999999999999858e+01 1.145564756016857689e+06 1.389571258463267441e+03 1.260712068507863933e+03
5.000000000000000000e+00 5.360071709861083633e+01 -2.274649319435378914e+01 1.182587040581929827e+01 1.025390358759548661e+02 8.999851913854548968e+01 9.609664191668804278e+01 1.096922551562743820e+03 2.252877277604771734e+03 4.389999999999999858e+01 1.196729832553825108e+06 2.436385396228613445e+02 1.327405824411721369e+03
6.000000000000000000e+00 5.366695756350780044e+01 -2.275339461379288153e+01 3.633184831230980016e+00 7.472922506106812079e+01 9.246430060963091080e+01 9.566034110880541164e+01 2.045223735877489389e+03 1.536675472534267328e+03 4.389999999999999858e+01 6.562181166819741484e+05 1.423949398386213034e+03 1.469473298863772470e+03
7.000000000000000000e+00 5.365472900869197304e+01 -2.278585996450831175e+01 8.280992421617710875e+00 9.479401278796001407e+01 8.994757563774551556e+01 9.606298250474515044e+01 2.323967723799316900e+03 2.143122788684836905e+03 4.389999999999999858e+01 7.082870947451164247e+05 1.204494947639601378e+03 2.099044238264118121e+03
8.000000000000000000e+00 5.370044543809724757e+01 -2.281409440951074785e+01 3.477474958449338960e+00 7.423441076662645344e+01 9.243538536276496131e+01 9.565554737425161136e+01 3.294670265100761753e+03 1.978204203183406889e+03 4.389999999999999858e+01 7.437931389900296926e+05 2.017600220244368302e+03 2.653570695362020615e+03
