# id ra dec s L A b x y a flux x_0 y_0
0.000000000000000000e+00 1.550029266634689975e+02 5.541776613441698807e+00 2.171264366509185084e+00 1.435185676032402284e+02 9.027293085632591385e+01 1.435501463320664755e+02 2.180329341059831734e+02 1.900413675030652939e+03 8.109999999999999432e+01 7.084907087146299891e+05 2.183650045038924077e+02 1.855624158136740505e+02
1.000000000000000000e+00 1.549566841750444723e+02 5.551060506002742478e+00 2.017812153082565452e+00 1.434110658904221509e+02 9.003215398668685054e+01 1.422863911023489436e+02 5.319441009758163545e+02 1.052192724409128232e+03 8.109999999999999432e+01 1.784596577071523527e+06 1.104444277907355172e+03 3.649444040074428131e+02
2.000000000000000000e+00 1.549614246476649271e+02 5.563004824775680035e+00 1.926833484644627781e+00 1.429509675431550590e+02 9.022175570935800692e+01 1.408560470654625760e+02 7.453496097339783546e+02 1.176991770219702858e+03 8.109999999999999432e+01 3.695373635895214230e+07 1.013412404365811312e+03 5.948635397250664028e+02
3.000000000000000000e+00 1.549370788150235967e+02 5.571672893022130424e+00 1.936760020658830239e+00 1.431908689513360571e+02 9.004738454909555401e+01 1.413541710453555709e+02 9.823121806419766244e+02 7.422697843486146212e+02 8.109999999999999432e+01 1.758371901250068843e+07 1.479837881045502172e+03 7.621184508018193355e+02
4.000000000000000000e+00 1.549643123933130937e+02 5.593235571387515925e+00 4.900479237069635730e+00 1.516226973223517973e+02 9.008333544071419396e+01 1.433450529705761198e+02 1.311349703541265853e+03 1.321691740573700145e+03 8.109999999999999432e+01 3.876872182723834412e+05 9.576108956030464014e+02 1.176907942131422715e+03
5.000000000000000000e+00 1.549584925749303181e+02 5.596765106647382915e+00 2.649237155338997063e+00 1.450805431697815777e+02 9.010904237623915947e+01 1.432047070188616544e+02 1.395828559938071294e+03 1.223615009286271743e+03 8.109999999999999432e+01 4.502995815754881478e+05 1.069081376527721659e+03 1.244950340166216847e+03
6.000000000000000000e+00 1.549144874869903106e+02 5.608443199734333362e+00 2.443516294112818343e+00 1.446900424755150425e+02 9.008305504000119868e+01 1.430960223138930871e+02 1.749077618830270922e+03 4.241237828463966366e+02 8.109999999999999432e+01 5.462855896433563903e+05 1.912151125669771318e+03 1.470468157859751045e+03
7.000000000000000000e+00 1.549528000168907340e+02 5.612183611426932117e+00 3.642431021804701796e+00 1.457931278361739658e+02 9.002588732293601481e+01 1.432216242188985120e+02 1.706181145916378455e+03 1.161308194819810524e+03 8.109999999999999432e+01 2.755085077494772268e+05 1.177925913998575197e+03 1.541909578926286258e+03
8.000000000000000000e+00 1.549127739428666075e+02 5.613272125868060236e+00 3.920596659946783191e+00 1.489459602726147125e+02 9.015211860619390905e+01 1.434770187477516288e+02 1.846272487624242103e+03 4.075314060892646353e+02 8.109999999999999432e+01 3.422833126713540405e+05 1.944904850839872324e+03 1.563474679716155833e+03
9.000000000000000000e+00 1.549548823020917894e+02 5.623997843895710780e+00 2.533073407057958359e+00 1.444417808249440327e+02 8.999395878300867935e+01 1.429120259186615556e+02 1.924424084833804727e+03 1.236567062032738022e+03 8.109999999999999432e+01 5.969019319635133725e+05 1.137840500520667774e+03 1.769357231612953001e+03
1.000000000000000000e+01 1.549184574762251145e+02 5.639823039554285877e+00 2.531001974964832257e+00 1.450874231261392708e+02 9.016883037104129528e+01 1.435676584440287797e+02 2.334551941963800346e+03 5.938324923727207079e+02 8.109999999999999432e+01 4.842841465844244813e+05 1.835546544272534675e+03 2.074612822955608863e+03
1.100000000000000000e+01 1.549621279522528425e+02 5.645873716771539819e+00 2.550484074783035737e+00 1.444891065349515884e+02 8.994774075300571781e+01 1.427879456765384418e+02 2.318949031620864844e+03 1.439394697765694445e+03 8.109999999999999432e+01 4.845957205924807931e+05 9.986650718963842337e+02 2.190461367877184784e+03
1.200000000000000000e+01 1.549541043853229780e+02 5.649028415589081753e+00 2.021944065415217207e+00 1.430318655165108908e+02 9.018258675977963890e+01 1.437353010177200474e+02 2.402563759004055100e+03 1.296458044881450178e+03 8.109999999999999432e+01 1.387454722163278610e+06 1.152356429027578997e+03 2.251318778553677475e+03
1.300000000000000000e+01 1.549798312472081534e+02 5.660876272200929371e+00 9.646476352494728346e+00 1.769907274867200329e+02 8.995321977399933644e+01 1.427513685049636933e+02 2.551852132680410250e+03 1.819405049900967697e+03 8.109999999999999432e+01 6.514765094559076242e+05 6.592307684174686528e+02 2.479078049136196114e+03
1.400000000000000000e+01 1.549468298071807340e+02 5.662814232884298526e+00 4.593752887395460505e+00 1.505142071344803298e+02 9.017059161523820876e+01 1.437635117630034642e+02 2.686501428192411367e+03 1.200360157887728292e+03 8.109999999999999432e+01 3.556299217724093469e+05 1.291526415918830935e+03 2.516863004382395502e+03
1.500000000000000000e+01 1.549733904540313176e+02 5.680838474813358019e+00 3.760827338628274674e+00 1.480332146444741568e+02 8.998545707662620430e+01 1.427986971354273464e+02 2.950783763787710996e+03 1.757306579829015845e+03 8.109999999999999432e+01 3.751335724679286359e+05 7.823418248998142417e+02 2.863524647402117353e+03
1.600000000000000000e+01 1.549915944231019864e+02 5.691153351645894531e+00 2.008031302654299299e+00 1.423301983033575482e+02 9.008119261082677554e+01 1.435131400826906827e+02 3.092912851901273825e+03 2.132489168276301825e+03 8.109999999999999432e+01 2.401074286550318822e+06 4.334107147029484395e+02 3.061879904940522465e+03
1.700000000000000000e+01 1.549473593182671891e+02 5.701163977969792462e+00 2.136528593789051911e+00 1.433020145879840470e+02 8.998441458454136921e+01 1.431200906061044407e+02 3.415122769615391007e+03 1.324692812603770108e+03 8.109999999999999432e+01 9.161124419017271139e+05 1.280773334014132161e+03 3.255252064591041744e+03
1.800000000000000000e+01 1.549232396277842838e+02 5.705149678066170793e+00 2.004714662510719947e+00 1.430433715033845772e+02 9.010127149442914174e+01 1.435111673955813387e+02 3.561962316277885748e+03 8.802984740123811207e+02 8.109999999999999432e+01 2.427788316486773081e+06 1.742822954113368723e+03 3.332362707397838221e+03
1.900000000000000000e+01 1.549697903310004392e+02 5.708831426072195292e+00 3.319966050321165429e+00 1.463577862077969485e+02 8.995787430932371365e+01 1.431088721548468357e+02 3.494073981297363389e+03 1.772230418023951870e+03 8.109999999999999432e+01 3.831333833146579564e+05 8.508984036880281110e+02 3.402556400451246191e+03
2.000000000000000000e+01 1.549282578165560267e+02 5.731855599462252648e+00 2.294643259461806473e+00 1.439228775748456712e+02 9.011920527277746373e+01 1.437403223607781229e+02 4.054866649474332917e+03 1.055973196998176491e+03 8.109999999999999432e+01 6.152948283199198777e+05 1.646237518530942907e+03 3.846485235853557242e+03
2.100000000000000000e+01 1.549522202992126836e+02 5.763973874086936178e+00 2.373299924819567863e+00 1.435985194041882664e+02 8.984017562756541508e+01 1.430084542300246540e+02 4.594810901598631972e+03 1.604448643205847702e+03 8.109999999999999432e+01 6.701844613548803609e+05 1.186656840551012465e+03 4.464526810591633875e+03
2.200000000000000000e+01 1.549318038437106395e+02 5.725164209346575994e+00 5.106162465934133365e+00 1.514023907453572519e+02 8.959645378197558330e+01 1.899350812118323404e+02 3.917760054230879632e+03 1.103008226436580799e+03 8.109999999999999432e+01 2.666901636394893285e+04 1.578411549559794594e+03 3.717593086081230012e+03
2.300000000000000000e+01 1.549535545480181327e+02 5.738162674219682735e+00 6.486703914583900499e+00 1.679147509323563554e+02 9.050397841992960934e+01 1.454103811251650029e+02 4.099839590239181234e+03 1.552950029337116121e+03 8.109999999999999432e+01 6.248792084578000940e+05 1.161499779180702490e+03 3.967537825002839782e+03
2.400000000000000000e+01 1.550093313480075494e+02 5.724201103077614761e+00 2.817675164361206352e+00 1.441367081403387260e+02 8.961221321354202018e+01 1.359894482763924088e+02 3.668322533893487162e+03 2.567815946753155004e+03 8.109999999999999432e+01 7.429510137599852681e+07 9.313221503559049097e+01 3.697949930721912551e+03
