# id ra dec s L A b x y a flux x_0 y_0
0.000000000000000000e+00 1.063686722124339212e+02 4.877742896911000514e+01 1.732811192217099672e+00 6.169662605765281569e+02 8.972127932660733052e+01 2.004675637161595603e+02 3.600243097630802367e+03 1.109824865828210022e+03 -7.809999999999999432e+01 4.920650677226096392e+06 8.909445004688629979e+02 1.152373782098966103e+03
1.000000000000000000e+00 1.063711419628324677e+02 4.877923169489523758e+01 3.490973402472748344e+00 6.211962750413549657e+02 8.999910652042653680e+01 1.991001535300703438e+02 3.559373249467834285e+03 1.085280156466671315e+03 -7.809999999999999432e+01 2.972139423864782788e+06 8.587215434606800954e+02 1.186774681355359462e+03
2.000000000000000000e+00 1.063447093528432248e+02 4.877929300847282690e+01 7.318433795871970737e+00 6.313959059391527262e+02 8.980536548623788917e+01 2.006633288855348667e+02 3.624816963380598736e+03 1.417272672965654237e+03 -7.809999999999999432e+01 3.912513868411040865e+06 1.196780359201066176e+03 1.192136300930195375e+03
3.000000000000000000e+00 1.063676288691730036e+02 4.878656263577076402e+01 3.957483166468565905e+00 6.198764240334678561e+02 8.993366740196549358e+01 1.995943933803203265e+02 3.429313954607136111e+03 1.155969338426454669e+03 -7.809999999999999432e+01 2.899497969150916673e+06 9.010745497164141398e+02 1.328785054022196846e+03
4.000000000000000000e+00 1.063521926283791714e+02 4.877463354276881802e+01 8.059042747270932949e+00 6.360926836979191421e+02 8.986927890739447378e+01 2.003164229923507378e+02 3.694725050894228389e+03 1.306779963017257387e+03 -7.809999999999999432e+01 4.116113377522981726e+06 1.102725851086087687e+03 1.101030048129032821e+03
5.000000000000000000e+00 1.063452664903733051e+02 4.877554500755562827e+01 9.423391305605916202e+00 6.373320219726564346e+02 8.988463334163255070e+01 1.999249332660427001e+02 3.693868546184863590e+03 1.397262219437698604e+03 -7.809999999999999432e+01 4.771423559265198186e+06 1.190995166662368320e+03 1.119723717294693415e+03
6.000000000000000000e+00 1.063223862206769468e+02 4.879517819531682221e+01 3.317099066280174480e+00 6.214757049751907516e+02 8.983093326271593071e+01 1.999878234040649545e+02 3.378092917369811403e+03 1.755084178461851025e+03 -7.809999999999999432e+01 3.120288507330216002e+06 1.476523256634018480e+03 1.502283522613696277e+03
7.000000000000000000e+00 1.063481910616429644e+02 4.880559956300199076e+01 7.929355882917147547e+00 6.382008389594549271e+02 8.990674353290363285e+01 1.997365225053530651e+02 3.116908712457464844e+03 1.468774214345344944e+03 -7.809999999999999432e+01 4.292684838489344344e+06 1.142857665392918079e+03 1.699203058902879548e+03
8.000000000000000000e+00 1.063561892342233222e+02 4.880600965869372487e+01 8.065595479979752014e+00 6.371296312865008531e+02 8.979715661261161586e+01 2.001426315192780123e+02 3.090294069175859022e+03 1.370376180498892381e+03 -7.809999999999999432e+01 4.317718909948854707e+06 1.040467117924356444e+03 1.705844843744591799e+03
9.000000000000000000e+00 1.063602464293675922e+02 4.884150173527009287e+01 9.674930070386166037e+00 6.470829186475071992e+02 8.997075290237050638e+01 1.992592695010292232e+02 2.407158644389978690e+03 1.448543446796070839e+03 -7.809999999999999432e+01 5.035495570275816135e+06 9.760418286268671864e+02 2.390074731116650582e+03
1.000000000000000000e+01 1.063300497508072624e+02 4.886904344949427070e+01 1.487957661324870839e+00 6.158559035766602392e+02 8.967126753890029534e+01 1.995564996721845716e+02 1.959635476233283498e+03 1.926348263673815609e+03 -7.809999999999999432e+01 1.697897771218325198e+07 1.351825781702803852e+03 2.926363346275101321e+03
1.100000000000000000e+01 1.063552569936269947e+02 4.886391877814029527e+01 6.365269833333337957e+00 6.222777375639415141e+02 9.010880935982876849e+01 1.988587576812031159e+02 1.993489216826425036e+03 1.592839699082600418e+03 -7.809999999999999432e+01 3.186755723906102590e+06 1.031816996398802530e+03 2.823431052796524455e+03
1.200000000000000000e+01 1.063327651131185974e+02 4.886708626098239705e+01 9.347229717879248057e+00 6.314792693597271409e+02 8.986736366304174339e+01 2.012260195941570373e+02 1.990084282205410091e+03 1.886076605175507211e+03 -7.809999999999999432e+01 5.244028211676706560e+06 1.317864304059910410e+03 2.888155992403745586e+03
1.300000000000000000e+01 1.063466951145466908e+02 4.886513950541684181e+01 9.116198166749134302e+00 6.336154625467987671e+02 8.994454423054862957e+01 1.998813576974691557e+02 1.992262458645516062e+03 1.703628777437212420e+03 -7.809999999999999432e+01 5.097110626403524540e+06 1.140704311692137253e+03 2.848348664461021144e+03
1.400000000000000000e+01 1.063243143357069016e+02 4.889359686816163020e+01 1.784681017659275115e+00 6.173564310428631643e+02 8.960313782065519206e+01 1.999809393860098226e+02 1.508241332949417483e+03 2.087072414144851336e+03 -7.809999999999999432e+01 7.679183429755806923e+06 1.416136860096768942e+03 3.401088588280494605e+03
1.500000000000000000e+01 1.063334297210454196e+02 4.889376482011532943e+01 1.057657952262974455e+01 6.360864704478913154e+02 9.008422256096372394e+01 1.982957641162154800e+02 1.482389719778852850e+03 1.974309196054322456e+03 -7.809999999999999432e+01 7.482038136697471142e+06 1.299754614432895323e+03 3.402846267621887819e+03
1.600000000000000000e+01 1.063616544609963626e+02 4.889854058885696730e+01 7.531172399878157897e+00 6.301175690414439714e+02 8.967034856282472788e+01 2.011291293423902289e+02 1.321783621163183625e+03 1.638121825734656341e+03 -7.809999999999999432e+01 4.271811461688045412e+06 9.378901127893177545e+02 3.490496677871914926e+03
1.700000000000000000e+01 1.063576484435122467e+02 4.890010439811266707e+01 1.744259635664669350e+00 6.155205760337598804e+02 8.995255947169822264e+01 1.986718661284713789e+02 1.301992711732324778e+03 1.693950001946558586e+03 -7.809999999999999432e+01 4.639865690649311990e+06 9.884516568386748077e+02 3.521303697420119533e+03
1.800000000000000000e+01 1.063794523416337086e+02 4.890474059224428061e+01 6.188871990170674131e+00 6.279188057743671152e+02 8.981789569202243229e+01 2.003796621346546374e+02 1.159990132463759892e+03 1.438080612629998541e+03 -7.809999999999999432e+01 3.164013981515993364e+06 7.086286774332555751e+02 3.607362391831759851e+03
1.900000000000000000e+01 1.063751461681593327e+02 4.892406886933494548e+01 1.647601867745437376e+00 6.146394397202790287e+02 8.979198870835804769e+01 1.994224736172454584e+02 8.049573645098746510e+02 1.562228210288630862e+03 -7.809999999999999432e+01 6.110738419968556613e+06 7.568014060878301734e+02 3.980993798632906419e+03
