# id ra dec s L A b x y a flux x_0 y_0
0.000000000000000000e+00 9.533592315298071185e+01 3.962867159103132053e+01 5.466031067662740384e+00 1.850352241250863301e+02 8.996928351983284244e+01 1.099898441745591526e+02 8.389515044228749048e+02 9.041657070409343078e+02 3.650000000000000000e+01 8.637979424721992109e+05 8.829986045113621458e+02 2.158360422338462286e+02
1.000000000000000000e+00 9.526363912993160454e+01 3.962608527730395025e+01 4.429105196618333906e+00 1.661945736688690829e+02 8.938751699032525266e+01 1.095356334423276223e+02 1.675876884284215976e+03 2.300469717312707871e+02 3.650000000000000000e+01 4.662750583278836310e+07 1.957097983210300072e+03 1.712139005208259732e+02
2.000000000000000000e+00 9.529372165458657662e+01 3.964785159072698661e+01 5.005830241876533471e+00 1.687501277284615071e+02 8.995663139733215985e+01 1.109656490791418832e+02 1.564242416209785461e+03 8.322057227750701713e+02 3.650000000000000000e+01 4.979019712459941395e+06 1.509110145341137468e+03 5.887688333109008454e+02
3.000000000000000000e+00 9.530320245023713710e+01 3.964570513918366146e+01 1.144848488384455898e+01 1.939942905119006866e+02 8.952418006650725602e+01 1.114539413481392529e+02 1.426088158659266128e+03 8.815979583035708629e+02 3.650000000000000000e+01 2.628952826616547536e+06 1.368384537888461409e+03 5.466735480576538748e+02
4.000000000000000000e+00 9.531838498621816314e+01 3.965003412566074559e+01 4.857182548927349686e+00 1.681019692265610672e+02 8.975456716856018602e+01 1.109923229953925841e+02 1.292771283326459525e+03 1.082512206223097792e+03 3.650000000000000000e+01 6.181750077662253752e+06 1.142685293312683143e+03 6.290978794976711015e+02
5.000000000000000000e+00 9.530207568368973625e+01 3.964763544381057869e+01 1.155812238113094104e+01 1.902299333224980273e+02 8.972161872247338010e+01 1.113015083754689982e+02 1.461164201821655070e+03 9.014331137785657120e+02 3.650000000000000000e+01 2.904781047831144184e+06 1.385034339948254228e+03 5.839887625291171389e+02
6.000000000000000000e+00 9.533014242851287179e+01 3.965105126694805904e+01 4.745642458355041171e+00 1.680273610389244539e+02 8.949037184293344183e+01 1.111359386093679831e+02 1.164087411787999372e+03 1.201214600053942377e+03 3.650000000000000000e+01 5.972280016019755974e+06 9.680128379495887430e+02 6.479092711819629358e+02
7.000000000000000000e+00 9.530176922867066480e+01 3.965834423542096943e+01 1.072274215176032186e+01 1.897492752042031157e+02 8.973749145817373574e+01 1.111499691839101587e+02 1.587177765853373558e+03 1.064861266718056640e+03 3.650000000000000000e+01 2.665092671564108692e+06 1.389102786815255286e+03 7.905730280453260548e+02
8.000000000000000000e+00 9.533908703532367213e+01 3.966170533984965374e+01 6.791667471695451042e+00 1.743986554289860180e+02 8.947157746183752636e+01 1.113080749102586253e+02 1.179260902831291332e+03 1.446646286476622890e+03 3.650000000000000000e+01 2.698966062216136139e+06 8.347655785794577241e+02 8.528169570532007810e+02
9.000000000000000000e+00 9.535145319835706346e+01 3.966248023302925674e+01 5.339610766050244095e+00 1.697131639325675962e+02 8.963967074919463585e+01 1.110899268484197790e+02 1.039590028885445918e+03 1.567291658827676883e+03 3.650000000000000000e+01 3.365012699882218614e+06 6.510954823803724594e+02 8.669570238378440763e+02
1.000000000000000000e+01 9.530862268835842599e+01 3.966250424819944698e+01 6.893380194752921852e+00 1.752671250149321907e+02 8.970235788012017508e+01 1.112174133473536841e+02 1.553008872139419736e+03 1.189753100282836613e+03 3.650000000000000000e+01 2.453262279780918267e+06 1.287139530880710254e+03 8.703228899492413575e+02
1.100000000000000000e+01 9.534803258494287093e+01 3.966689567379979309e+01 4.692780307780835436e+00 1.670763841674809953e+02 8.942691551855055820e+01 1.110093115360974423e+02 1.131146405260739812e+03 1.604929999138898211e+03 3.650000000000000000e+01 8.291547095812416635e+06 7.017374170858271327e+02 9.523474898833835596e+02
1.200000000000000000e+01 9.533335685602216358e+01 3.965019306832233781e+01 1.283051592243483796e+01 2.170233329120347037e+02 8.972257947979157677e+01 1.111563259395054359e+02 1.115763935713326191e+03 1.216404857098221100e+03 3.650000000000000000e+01 2.646944322944813874e+06 9.203026457849443887e+02 6.311383983858906959e+02
1.300000000000000000e+01 9.537738954731062790e+01 3.966830558400373974e+01 1.234898981954554209e+01 2.001175814729813567e+02 8.955999866376016882e+01 1.112614811713468015e+02 7.955723734622548591e+02 1.885090273693670042e+03 3.650000000000000000e+01 3.154596329601674341e+06 2.657637349647844189e+02 9.777128287785644716e+02
1.400000000000000000e+01 9.534711245129251722e+01 3.967302110891529310e+01 1.144467677181296494e+01 1.904939957403043707e+02 8.969489472643059003e+01 1.111825715943093940e+02 1.211843302880548208e+03 1.692415253597820765e+03 3.650000000000000000e+01 2.939790230713801458e+06 7.151842041038822799e+02 1.070561107610882345e+03
1.500000000000000000e+01 9.534725404561551443e+01 3.967732258123067624e+01 1.485441784513560926e+01 2.170282874539769580e+02 8.979819431013727637e+01 1.113039127127809138e+02 1.259479619762179027e+03 1.760637692569034243e+03 3.650000000000000000e+01 3.048224338903027121e+06 7.129298270705733103e+02 1.153523262619482921e+03
1.600000000000000000e+01 9.531463262766769162e+01 3.968467024351642181e+01 1.076762774150150825e+01 1.876445372232992668e+02 8.963642270727817163e+01 1.113216484778502320e+02 1.734068643180250547e+03 1.587788248846224405e+03 3.650000000000000000e+01 2.746199446640350856e+06 1.196951297557382304e+03 1.297457082335542736e+03
1.700000000000000000e+01 9.530199812257485803e+01 3.968934747488432890e+01 6.007213897197137165e+00 1.722147434218519493e+02 8.974993898138835391e+01 1.112037593346826725e+02 1.939521167254885995e+03 1.549871003470002506e+03 3.650000000000000000e+01 2.728276395926738158e+06 1.384305310431941052e+03 1.388577017362837978e+03
1.800000000000000000e+01 9.533356106385468820e+01 3.970391845075391757e+01 4.799543811030325458e+00 1.671284217358879403e+02 8.960315740589949485e+01 1.109392184351526538e+02 1.728286517580150985e+03 2.053262064908070442e+03 3.650000000000000000e+01 1.057030250265467726e+07 9.152126081094037318e+02 1.667435035456066998e+03
1.900000000000000000e+01 9.532671297166352531e+01 3.970697755507578819e+01 5.210371870747718681e+00 1.690523118912615246e+02 8.974300991346770218e+01 1.111138530532698780e+02 1.844848927956945317e+03 2.041307653049253531e+03 3.650000000000000000e+01 4.700371219313988462e+06 1.016725827411422074e+03 1.726905384575285552e+03
2.000000000000000000e+01 9.530776527511780216e+01 3.969736738769513096e+01 8.808928739690999876e+00 1.977492745540852752e+02 9.017150051583853099e+01 1.113569259603865333e+02 1.961418061358784144e+03 1.724649637662237183e+03 3.650000000000000000e+01 1.795081529449972324e+06 1.298343488254651675e+03 1.542858114372779710e+03
2.100000000000000000e+01 9.535493700115959825e+01 3.971087992554571855e+01 5.057626498224005118e+00 1.682422183933755662e+02 8.906322540914109709e+01 1.114528570388039128e+02 1.551982816252585963e+03 2.349449511196876756e+03 3.650000000000000000e+01 4.936530460591438226e+06 5.977300635690857007e+02 1.800318371725014913e+03
2.200000000000000000e+01 9.536325091775992746e+01 3.971173270790521315e+01 4.928320238894027483e+00 1.770798091559509260e+02 9.003080736972239606e+01 1.109594761774288543e+02 1.462572032399895079e+03 2.435138012553690260e+03 3.650000000000000000e+01 1.647016146646816051e+06 4.743252371223304635e+02 1.816245045970035790e+03
2.300000000000000000e+01 9.536839896562923968e+01 3.971073068937349149e+01 6.684755583987080918e+00 1.739377090786277620e+02 8.916551634678245364e+01 1.114793635824428009e+02 1.388606031487840255e+03 2.464775759675309473e+03 3.650000000000000000e+01 2.531771594964419492e+06 3.979604623242128127e+02 1.796599185137389213e+03
2.400000000000000000e+01 9.533152294580011699e+01 3.970876468854142871e+01 1.338524562545955376e+01 1.968094648600417713e+02 8.968785501111246106e+01 1.109752483305427546e+02 1.807665481043883801e+03 2.111088860158793068e+03 3.650000000000000000e+01 2.957939460924602579e+06 9.452733437973074615e+02 1.761051056899892046e+03
