# id ra dec s L A b x y a flux x_0 y_0
0.000000000000000000e+00 1.855158160806331011e+02 2.868954190261466408e+01 1.488622923163593015e+00 2.209128659326448769e+02 8.969117410440082949e+01 8.739604358989622312e+01 3.554976057191763630e+03 1.158146901183204136e+03 -2.850000000000000000e+01 4.882434921924070269e+07 1.727939216316242437e+03 3.786074301747254367e+02
1.000000000000000000e+00 1.855147937344545994e+02 2.868947584778226556e+01 1.490173198762418716e+00 2.209298584437675004e+02 8.999966932070226733e+01 8.772852745624923898e+01 3.538984065796838877e+03 1.150974664137180753e+03 -2.850000000000000000e+01 4.889806969357310236e+07 1.710612968356313559e+03 3.797987798839081961e+02
2.000000000000000000e+00 1.855028692486577029e+02 2.867825450178130353e+01 1.668833643376884002e+00 2.213217890803520618e+02 8.969635995553939267e+01 8.966721876760315979e+01 3.257910495971408636e+03 1.242837517126649573e+03 -2.850000000000000000e+01 1.702225198078175541e+06 1.507879316630126596e+03 5.951605377534847321e+02
3.000000000000000000e+00 1.854445343973905835e+02 2.866739941512643242e+01 4.341418254528935705e+00 2.249998943282767527e+02 9.001385605010526092e+01 9.004336323126842956e+01 2.291822359227988272e+03 9.509608718395420510e+02 -2.850000000000000000e+01 8.412812155438301852e+05 5.186037891008893439e+02 7.993992198123607977e+02
4.000000000000000000e+00 1.855026249310479614e+02 2.865222067452834764e+01 1.744368919957065778e+00 2.214780689946488508e+02 8.972457531797994079e+01 8.966267317290099470e+01 3.013186220438866258e+03 1.681071683722228954e+03 -2.850000000000000000e+01 1.306310789360083407e+06 1.502139921779075394e+03 1.097031123924371286e+03
5.000000000000000000e+00 1.854863767536699584e+02 2.853729136628572860e+01 2.823067351878732811e+00 2.230741828007741958e+02 8.975703547095662316e+01 8.398600716784791587e+01 1.708052961087178346e+03 3.492754755640591156e+03 -2.850000000000000000e+01 1.153523482251495868e+08 1.219378880423069631e+03 3.311312574135777140e+03
6.000000000000000000e+00 1.855080604029091376e+02 2.853119172663422276e+01 1.809666369538671216e+00 2.215041896454173695e+02 9.027032303382308953e+01 8.985879595176002965e+01 1.972743246821936964e+03 3.773032450945642722e+03 -2.850000000000000000e+01 3.363151602768318262e+06 1.586940006283646653e+03 3.430705977110350887e+03
7.000000000000000000e+00 1.854821381299551888e+02 2.850968570594824669e+01 1.586296137827273300e+00 2.209495209414034207e+02 8.965435484019319290e+01 8.929866781229307549e+01 1.388559365786986291e+03 3.924500537546207852e+03 -2.850000000000000000e+01 3.697298051247059833e+06 1.145670861581648751e+03 3.843138451394210279e+03
8.000000000000000000e+00 1.855131457011117107e+02 2.850574939452057066e+01 1.790038650891136784e+00 2.214366052550433608e+02 9.028376771077330432e+01 9.007505855824190633e+01 1.813777393406165629e+03 4.244051261735593471e+03 -2.850000000000000000e+01 1.186046094235076569e+06 1.671713108491440153e+03 3.921601998126729086e+03
