# id ra dec s L A b x y a flux x_0 y_0
0.000000000000000000e+00 1.985325654965822082e+02 5.766801145924632976e+01 3.700020441613504296e+00 2.932746280163966617e+02 8.998981851375029350e+01 1.005159051985343837e+02 1.658042917870340716e+03 1.025897261358440801e+03 8.665999999999999659e+01 1.715387092983472394e+05 1.176851415236516459e+03 1.591330854758941996e+03
1.000000000000000000e+00 1.984613390652187377e+02 5.764297694057468391e+01 1.300081806130842788e+00 2.987124913109956879e+02 9.077485980932374332e+01 1.036216824467967257e+02 2.107375286475587473e+03 1.780226887733457716e+03 8.665999999999999659e+01 3.994555360234072432e+06 4.502606990860349470e+02 2.084063319607133508e+03
2.000000000000000000e+00 1.985295471763731712e+02 5.762195348133460016e+01 3.707675199733186933e+00 2.926231290834218726e+02 9.000983038293884420e+01 1.008034203508533579e+02 2.541978236874549566e+03 1.095869675396511184e+03 8.665999999999999659e+01 1.858294832299923291e+05 1.159196411168110217e+03 2.478500352297671270e+03
3.000000000000000000e+00 1.985340949508900792e+02 5.760397101509186513e+01 3.941445009368607977e+00 3.076754951131551934e+02 9.079632973950928942e+01 1.038812158730497259e+02 2.890232029291237268e+03 1.063605768583208601e+03 8.665999999999999659e+01 2.694689027933751931e+05 1.211347466656825645e+03 2.823981423546374117e+03
4.000000000000000000e+00 1.985837593749811560e+02 5.759357547609474892e+01 6.528812281365420134e+00 3.011216255427078181e+02 9.001443478723247438e+01 1.007670416698238114e+02 3.112048255400788094e+03 5.598103955875113797e+02 8.665999999999999659e+01 2.893814129588562064e+05 1.726821169673726217e+03 3.016126992113674987e+03
5.000000000000000000e+00 1.985852960340940285e+02 5.757825765274082386e+01 3.707693937738364198e+00 2.935314988817451081e+02 9.000198204545479541e+01 1.012235071915025202e+02 3.407021031407028204e+03 5.570567828620272621e+02 8.665999999999999659e+01 1.556338190841621254e+05 1.747382739383341459e+03 3.310765799742209310e+03
6.000000000000000000e+00 1.985827800726885641e+02 5.757828115101082034e+01 1.418209586835949221e+00 3.008421769490284419e+02 9.082468760515742190e+01 1.038783922617649722e+02 3.406274238600592525e+03 5.827974435936233704e+02 8.665999999999999659e+01 7.158165510099285748e+05 1.721405308406584936e+03 3.310727707905810803e+03
7.000000000000000000e+00 1.984429519444021537e+02 5.756146817138356653e+01 1.351501432548614767e+00 2.996282715628672122e+02 8.986533912330351370e+01 1.005230732537746974e+02 3.666428929891538701e+03 2.039584937531498326e+03 8.665999999999999659e+01 1.231856443887711270e+06 2.825570689909853854e+02 3.655920425206295931e+03
8.000000000000000000e+00 1.985391277473692639e+02 5.753408989614772651e+01 2.248048918370795679e+00 3.036781315757002062e+02 9.089842097430498313e+01 1.044954855383036545e+02 4.236389552311220541e+03 1.069174319989815558e+03 8.665999999999999659e+01 2.303409798087512027e+05 1.283817444845750742e+03 4.168517270356731387e+03
