# id ra dec s L A b x y a flux x_0 y_0
0.000000000000000000e+00 1.221012678518298458e+02 -2.805129473515150096e+01 4.113661050493292670e+00 3.561591525273454408e+02 8.967630253683017827e+01 2.087011340981444789e+02 4.253486103817293042e+03 1.731567098129438818e+03 -8.940000000000000568e+01 2.580319909853608347e+06 1.726642477048049386e+03 4.082845386234801595e+02
1.000000000000000000e+00 1.221568266351461602e+02 -2.804999106411692722e+01 3.408799658504314323e+00 3.648041162983325876e+02 8.992919380550146968e+01 2.059196804109056416e+02 4.226167396851091326e+03 7.869067124005645155e+02 -8.940000000000000568e+01 6.587461696204431355e+05 7.820677576424419613e+02 4.258669747837560067e+02
2.000000000000000000e+00 1.221597103542238898e+02 -2.804739681060234346e+01 3.299818158140369384e+00 3.647868004894411911e+02 8.739538105280975344e+01 2.083806928067155582e+02 4.175933251476826626e+03 7.375847498392237185e+02 -8.940000000000000568e+01 7.236026544133364223e+04 7.325678664921052814e+02 4.754334544252492378e+02
3.000000000000000000e+00 1.221575265915960671e+02 -2.803948224454197558e+01 4.594155707807402678e+00 3.225786518165085681e+02 9.205598575277296902e+01 1.871000968474107822e+02 4.023707140887272544e+03 7.755666209137708620e+02 -8.940000000000000568e+01 3.104057230033199303e+05 7.682095588180804953e+02 6.281840048921874313e+02
4.000000000000000000e+00 1.221371448971693923e+02 -2.804073150768775591e+01 4.366226276651490323e+00 3.575509664627552979e+02 8.771893111860529757e+01 2.009650862317635927e+02 4.047783529254125369e+03 1.121791717118425140e+03 -8.940000000000000568e+01 3.325458323008541483e+06 1.114902845452785641e+03 6.069355337162060096e+02
5.000000000000000000e+00 1.221720555119909051e+02 -2.804044331244518062e+01 4.027125088217617055e+00 3.550145576682097044e+02 9.213070990353436684e+01 1.894723146903419888e+02 4.041264787182672080e+03 5.278972291098090182e+02 -8.940000000000000568e+01 9.127918974261514377e+05 5.214175657119684502e+02 6.076311281490966394e+02
6.000000000000000000e+00 1.221383333142787819e+02 -2.803661105751950089e+01 4.205410179905656243e+00 3.560581686124919543e+02 8.744959063373995889e+01 2.004246388003482195e+02 3.969638706944821479e+03 1.101245636937752352e+03 -8.940000000000000568e+01 1.878247360242823139e+06 1.093944929480963538e+03 6.861387782873653123e+02
7.000000000000000000e+00 1.221423109737067279e+02 -2.803769233518951154e+01 5.502585594669591629e+00 3.608002218724540739e+02 9.199823316646401850e+01 1.873248976365366616e+02 3.990114847356164773e+03 1.033682744982275608e+03 -8.940000000000000568e+01 2.569524327198035549e+06 1.026526856379522314e+03 6.647665128720861958e+02
8.000000000000000000e+00 1.221388403577511212e+02 -2.803652946783030586e+01 4.202186418079452146e+00 3.561104662489096881e+02 8.758285338608274628e+01 2.015409898094526397e+02 3.967096081532713924e+03 1.092531183891152295e+03 -8.940000000000000568e+01 1.877118218921875581e+06 1.085310579238434457e+03 6.876409193697551245e+02
9.000000000000000000e+00 1.221333763540090871e+02 -2.801335397052389453e+01 3.743530177800688641e+00 3.565900705804409085e+02 9.233804934660963681e+01 1.884355570240582551e+02 3.521477907995134501e+03 1.185934478938695747e+03 -8.940000000000000568e+01 4.177328167702592909e+05 1.173957986412533046e+03 1.134779360813333597e+03
1.000000000000000000e+01 1.221052713026638941e+02 -2.800839832398572327e+01 3.659784003028452304e+00 3.505150702235066547e+02 9.101323650277683441e+01 1.982248232434940860e+02 3.427181066519278374e+03 1.663820954284076834e+03 -8.940000000000000568e+01 6.590631164161553606e+05 1.650942917120322818e+03 1.234004255738898337e+03
1.100000000000000000e+01 1.221366782440130407e+02 -2.799612209034662769e+01 3.320691435848056372e+00 3.649999448909571811e+02 8.980080397907502743e+01 1.809547579518470570e+02 3.188944686481239842e+03 1.130517098534481875e+03 -8.940000000000000568e+01 9.075775266450457275e+04 1.114657123245636967e+03 1.466238271130671365e+03
1.200000000000000000e+01 1.221113636949150845e+02 -2.799493518979326723e+01 3.760573343558508252e+00 3.650566384574115091e+02 9.001859576933777873e+01 2.070232017315187534e+02 3.167359506038141262e+03 1.561124772220467094e+03 -8.940000000000000568e+01 9.016536032371285837e+05 1.544934630830785636e+03 1.492514575624403506e+03
1.300000000000000000e+01 1.221574173462986010e+02 -2.799431786027834335e+01 3.000890242812010555e+00 3.513001476887835111e+02 8.989559104487911156e+01 2.091656470858855528e+02 3.153527375016698898e+03 7.777015991389891951e+02 -8.940000000000000568e+01 3.030390818053970579e+05 7.616396821057364832e+02 1.498125812568147239e+03
1.400000000000000000e+01 1.221456714789742506e+02 -2.799247370753136721e+01 4.220385970500065476e+00 3.565994037750270422e+02 8.985231382750947660e+01 2.078915883490267618e+02 3.118722250325136429e+03 9.772885502218564397e+02 -8.940000000000000568e+01 1.193160956358420663e+06 9.610476783119248694e+02 1.535276226744607584e+03
1.500000000000000000e+01 1.221005949978584084e+02 -2.799220128756066472e+01 3.641840693942079987e+00 3.648128448079676218e+02 8.987542772197090812e+01 2.076054930011490569e+02 3.115059363625867718e+03 1.744423497544876227e+03 -8.940000000000000568e+01 6.942092714499111753e+05 1.727580104585408435e+03 1.546599019036139225e+03
1.600000000000000000e+01 1.221456395514782116e+02 -2.799249059484023761e+01 4.226603602656544112e+00 3.565708731373700289e+02 8.987270577849676556e+01 2.076999413198662694e+02 3.118682508039972618e+03 9.780348261675065942e+02 -8.940000000000000568e+01 1.195682702762333676e+06 9.615937624674498920e+02 1.534955358548124650e+03
1.700000000000000000e+01 1.221006017217443969e+02 -2.799214305345960341e+01 3.658007887473259778e+00 3.553490197925524399e+02 8.987127756109869381e+01 2.077464505634222576e+02 3.114328253797118123e+03 1.744128124367498231e+03 -8.940000000000000568e+01 6.952819023359606508e+05 1.727455409737388663e+03 1.547719803901565228e+03
1.800000000000000000e+01 1.221446860299889750e+02 -2.798640018263909113e+01 2.618195864583984012e+00 3.645460778769104877e+02 8.985806686599831039e+01 2.077889897626831726e+02 3.002100810896659823e+03 9.945205535714580947e+02 -8.940000000000000568e+01 2.794299939185492694e+05 9.766853147173032994e+02 1.652396102305452587e+03
1.900000000000000000e+01 1.221663633296717819e+02 -2.798584069516831008e+01 2.910641188003278756e+00 3.461962470773483460e+02 8.990515846771087638e+01 2.076462331926520335e+02 2.989791026545294244e+03 6.254145627666356404e+02 -8.940000000000000568e+01 3.225260821386256721e+05 6.079120715408972728e+02 1.660152719028495994e+03
2.000000000000000000e+01 1.221664978078666906e+02 -2.798576633773819111e+01 2.901396548816896015e+00 3.452614775715330211e+02 8.986068405101720202e+01 2.081187224494750012e+02 2.989173335136967125e+03 6.234747620621826627e+02 -8.940000000000000568e+01 3.199370579354860820e+05 6.056109987013969658e+02 1.661565998614388263e+03
2.100000000000000000e+01 1.221570152122788500e+02 -2.798262278194539121e+01 3.630240166577674898e+00 3.559004477821671344e+02 8.987643316868373233e+01 2.075639414956658300e+02 2.928169837050981641e+03 7.851425031888119292e+02 -8.940000000000000568e+01 1.121814160797100514e+06 7.662969558382322930e+02 1.723444133426004100e+03
2.200000000000000000e+01 1.221332594441122126e+02 -2.798285956745826297e+01 2.896280741101707523e+00 3.648007468913731941e+02 8.964205603280065304e+01 2.078847567807238761e+02 2.933282873911803108e+03 1.189243713945187437e+03 -8.940000000000000568e+01 2.688288433721954934e+05 1.170371673521620323e+03 1.722158487925227291e+03
