# id ra dec s L A b x y a flux x_0 y_0
0.000000000000000000e+00 1.954144463232231885e+02 1.159754405255363707e+01 4.510686088699185525e+00 9.341059245256307975e+01 9.003660709853353694e+01 1.248220835559718012e+02 1.924751668622546504e+03 1.433704492870043396e+03 5.470000000000000284e+01 8.712626139543796889e+05 1.348478563189200713e+03 1.402442943703327728e+03
1.000000000000000000e+00 1.954023221837476001e+02 1.159713711472189068e+01 1.984375939625994123e+00 8.289690725928083737e+01 9.045345321590257015e+01 1.252664625079148237e+02 1.797007046628130183e+03 1.624485577199211093e+03 5.470000000000000284e+01 1.140453047440407332e+06 1.118940894609773977e+03 1.408687387058526838e+03
2.000000000000000000e+00 1.953919480499307610e+02 1.157713720392694157e+01 1.909310097539048234e+00 8.254936947274568126e+01 9.025982660702001681e+01 1.251406572733781246e+02 1.999286617889891659e+03 2.009934807041094018e+03 5.470000000000000284e+01 1.161352276999284048e+06 9.214817964430644679e+02 1.796059121628162302e+03
3.000000000000000000e+00 1.953701163601135420e+02 1.154796924439405892e+01 1.967604834107417267e+00 8.291644574923645905e+01 9.017109023643621413e+01 1.250888919897650453e+02 2.219694187107477319e+03 2.674306713057708748e+03 5.470000000000000284e+01 9.581429909993710462e+05 5.065633498287941165e+02 2.360050854598002843e+03
4.000000000000000000e+00 1.954319824685530307e+02 1.153085510018460624e+01 1.761518174345174215e+00 8.172324110612693460e+01 9.020751355319309539e+01 1.251071056559123065e+02 3.174675943070202720e+03 1.916401911065255035e+03 5.470000000000000284e+01 2.005665465400646906e+06 1.677049611392796578e+03 2.701286212807929587e+03
5.000000000000000000e+00 1.953499881633931352e+02 1.152720912875554937e+01 2.138859183078119397e+00 8.352773243364505618e+01 9.022995858168935968e+01 1.251265879453314795e+02 2.325039026943290082e+03 3.218418613603854737e+03 5.470000000000000284e+01 8.224737004102582578e+05 1.242912315017345009e+02 2.760799111747807729e+03
6.000000000000000000e+00 1.954293041864918621e+02 1.147522996894281100e+01 1.937432357230809421e+00 8.268153858200305706e+01 9.019839648497600137e+01 1.250860285676627939e+02 4.025809369520804466e+03 2.584954752259818179e+03 5.470000000000000284e+01 1.102308368575570872e+06 1.623493695125815975e+03 3.782273972009276804e+03
7.000000000000000000e+00 1.953592900316633063e+02 1.145318835824670956e+01 1.936060185003969814e+00 8.270755482037397144e+01 9.020575111144667346e+01 1.251414083654306495e+02 3.600532832578457146e+03 3.910422673129770374e+03 5.470000000000000284e+01 1.138165645306006540e+06 2.963018455429150890e+02 4.201071278897401498e+03
8.000000000000000000e+00 1.954009105475209367e+02 1.145821418902306554e+01 2.105609406940723183e+00 8.336908048919535474e+01 9.021215104774466909e+01 1.251499377472509309e+02 3.980671060684761869e+03 3.213193736910408916e+03 5.470000000000000284e+01 9.481779004503318574e+05 1.084859601610719210e+03 4.109168278677766466e+03
