# id ra dec s L A b x y a flux x_0 y_0
0.000000000000000000e+00 7.320227584718202252e+01 1.215258050236919019e+01 2.635003547932456058e+00 1.462685817891303941e+02 8.924928285502126357e+01 1.030342655496527584e+02 2.139294436387402129e+03 5.139813532690429838e+02 -5.480000000000000426e+00 3.448292889489167137e+05 1.735802389398343848e+03 3.490752737763560845e+02
1.000000000000000000e+00 7.315704087211224760e+01 1.211523458466198733e+01 3.612905915700277415e+00 1.494743697546365695e+02 8.929104077618556801e+01 1.029841755393626528e+02 1.220738035901634476e+03 1.145247856786463899e+03 -5.480000000000000426e+00 2.122037805582944420e+05 8.824019413231164890e+02 1.065298180561505887e+03
2.000000000000000000e+00 7.312930883664606085e+01 1.209626917123716616e+01 4.032754549508877240e+00 1.502996085172380845e+02 8.992928067279054005e+01 9.733938891870401733e+01 6.658978618177570752e+02 1.457182608294814145e+03 -5.480000000000000426e+00 1.611526783257205971e+05 3.594745773160731233e+02 1.428473896948348511e+03
3.000000000000000000e+00 7.312139738814720147e+01 1.209384058659520811e+01 3.094574863278777510e+00 1.477811891883870601e+02 8.933740581390497937e+01 1.033271602455821494e+02 5.130500848694344995e+02 1.488835729184233969e+03 -5.480000000000000426e+00 2.710352785731548211e+05 2.105695792886175468e+02 1.474525166325061946e+03
4.000000000000000000e+00 7.312381634355193682e+01 1.209241179758070750e+01 9.111253815958599844e+00 1.712418158094163800e+02 9.004173613666087306e+01 1.055760269590881677e+02 5.557507255160737714e+02 1.520171778062404883e+03 -5.480000000000000426e+00 3.095482607678198256e+05 2.558871346036324610e+02 1.502348929098731105e+03
5.000000000000000000e+00 7.321412424747138914e+01 1.208859161943093596e+01 4.189083651575282730e+00 1.500293153404287239e+02 8.922671209781144341e+01 1.028788284851969053e+02 2.236486324573177626e+03 1.765040967547081891e+03 -5.480000000000000426e+00 2.497021870161253028e+05 1.952587786460826010e+03 1.585125286481636067e+03
6.000000000000000000e+00 7.317255796132064916e+01 1.208518615348713077e+01 1.143742979198466081e+01 1.857396887909410168e+02 8.993950951335133936e+01 1.060239699024927944e+02 1.452825947663897296e+03 1.751208606907386184e+03 -5.480000000000000426e+00 3.854326174778633285e+05 1.171152940632211767e+03 1.646748958864751785e+03
7.000000000000000000e+00 7.319445697329545908e+01 1.208004357791103978e+01 5.089277602779289644e+00 1.540485340968151888e+02 8.938289072444364081e+01 1.032711091948916646e+02 1.852883249331522620e+03 1.892110513164458325e+03 -5.480000000000000426e+00 2.348212508130042115e+05 1.582210860705007235e+03 1.748166145846997324e+03
8.000000000000000000e+00 7.319771967995454531e+01 1.207094787115041079e+01 6.110105230919844033e+00 1.566625239908746892e+02 8.995656738023883747e+01 1.054267894196048445e+02 1.896769245171327839e+03 2.072262666056878516e+03 -5.480000000000000426e+00 1.821694511896192562e+05 1.642688427538510496e+03 1.924020470025933264e+03
9.000000000000000000e+00 7.318200346017094660e+01 1.206874544719345010e+01 2.194634789427687416e+00 1.447642662558043867e+02 8.932952480847869481e+01 1.030688962501802166e+02 1.597965457525771399e+03 2.084932765164664943e+03 -5.480000000000000426e+00 2.172104144629623741e+06 1.347124163923180731e+03 1.964971188694089278e+03
1.000000000000000000e+01 7.316349921343883977e+01 1.206933329558020773e+01 9.778152184473633213e+00 1.697428929466474585e+02 8.997880133473059061e+01 1.056155611812914685e+02 1.253134146244230578e+03 2.039035647071000085e+03 -5.480000000000000426e+00 2.960741535459097940e+05 9.994213468391201332e+02 1.951776643435578080e+03
1.100000000000000000e+01 7.312306324235066768e+01 1.206864669992921080e+01 4.503084336866916892e+00 1.518745650485676038e+02 8.927465179773150794e+01 1.031268463892828322e+02 4.962375028629976441e+02 1.975026919934541638e+03 -5.480000000000000426e+00 2.252930691092989873e+05 2.394243064555677165e+02 1.960902234178939125e+03
1.200000000000000000e+01 7.320423405948312734e+01 1.206746667857052202e+01 8.298213353856013441e+00 1.728873871421370154e+02 8.995349228925667262e+01 1.058340599987986081e+02 2.010956667709851217e+03 2.151733509735653570e+03 -5.480000000000000426e+00 2.555420889314949745e+05 1.764795982438868577e+03 1.991840792794521803e+03
1.300000000000000000e+01 7.319375666447268713e+01 1.207491045183104816e+01 7.664196727115821339e+00 1.735269649191664598e+02 9.068799804390384622e+01 1.032320403818822143e+02 1.829677769302029674e+03 1.989117534677035337e+03 -5.480000000000000426e+00 3.088769030880245846e+05 1.568576285790742077e+03 1.847158745907457615e+03
1.400000000000000000e+01 7.317906965916178308e+01 1.205853348473608477e+01 8.649266578317787335e+00 1.751775813970068896e+02 9.004432339795037876e+01 1.005354357045291778e+02 1.523053242543155648e+03 2.275764399317949028e+03 -5.480000000000000426e+00 3.229423571845284896e+05 1.291034747793170254e+03 2.161754705891929007e+03
1.500000000000000000e+01 7.312593423455025743e+01 1.204396960420978324e+01 2.297976000904481619e+00 1.454592547030453886e+02 8.917231708455517492e+01 1.028401461879604852e+02 5.011465962282353530e+02 2.454911452496568927e+03 -5.480000000000000426e+00 7.168443705219463445e+05 2.909858562929611026e+02 2.437429173748807898e+03
1.600000000000000000e+01 7.316971370947845799e+01 1.204022220592335302e+01 7.227895055787887379e+00 1.646842028578931831e+02 9.006319292135808041e+01 1.062415673680565646e+02 1.312927782515577974e+03 2.609665091549212320e+03 -5.480000000000000426e+00 2.169046237502697622e+05 1.113476566350890380e+03 2.514199740804587236e+03
1.700000000000000000e+01 7.319376046341103859e+01 1.203632176845068535e+01 2.450417077709785119e+00 1.455193923385199923e+02 8.916110753799355848e+01 1.027785855392932461e+02 1.754911988023447293e+03 2.730084480155176152e+03 -5.480000000000000426e+00 4.825611902311814483e+05 1.565084908689140093e+03 2.591861133928709023e+03
1.800000000000000000e+01 7.321477057632345975e+01 1.202957302677630480e+01 7.919494050825364617e+00 1.702841205572382819e+02 9.010789760384440683e+01 1.062844061542122063e+02 2.133964967149323456e+03 2.899195241463366983e+03 -5.480000000000000426e+00 2.258806564890058944e+05 1.959370600430801005e+03 2.724156052538840868e+03
1.900000000000000000e+01 7.313546946320106201e+01 1.202813163891686621e+01 7.069346774732152561e+00 1.594732362434440915e+02 8.916508059088754123e+01 1.026349862102574377e+02 6.485082738554739308e+02 2.777217243059528755e+03 -5.480000000000000426e+00 3.044100982575922972e+05 4.686760612195605518e+02 2.744058070669536846e+03
2.000000000000000000e+01 7.313184175847723623e+01 1.202221238947568693e+01 6.146110373140102112e+00 1.579039891742632165e+02 8.997837213857887662e+01 1.062845666239840483e+02 5.698689291517307538e+02 2.883941042090141764e+03 -5.480000000000000426e+00 1.719561996090631001e+05 3.999167506032303550e+02 2.857917931198840961e+03
2.100000000000000000e+01 7.317728549365780566e+01 1.202158736821470697e+01 4.170538022441766302e+00 1.512230278858598922e+02 8.929537783995282041e+01 1.031265481830920834e+02 1.418291114771483535e+03 2.981765767408997817e+03 -5.480000000000000426e+00 2.246575193055765121e+05 1.254049575893142674e+03 2.874579318399019940e+03
2.200000000000000000e+01 7.317456784733791153e+01 1.202071137460194628e+01 4.403733436730730588e+00 1.532070403304799413e+02 9.000790339432609244e+01 1.057713317040289240e+02 1.364948871695388334e+03 2.993024461729220093e+03 -5.480000000000000426e+00 1.180761741950082942e+05 1.202884748597760336e+03 2.891213531815180886e+03
2.300000000000000000e+01 7.312882504618013968e+01 1.200942330968851302e+01 5.218132423205690706e+00 1.544927856808710658e+02 8.922093665191694356e+01 1.030244697786488786e+02 4.887490958766903191e+02 3.123750964391637808e+03 -5.480000000000000426e+00 2.334395100139679853e+05 3.419741404848722368e+02 3.104416688531702221e+03
2.400000000000000000e+01 7.313330069076712903e+01 1.198335227308988316e+01 3.704081782545154411e+00 1.493164310530159469e+02 9.002378266123446338e+01 1.060908293323184211e+02 5.219693325172117966e+02 3.632856671059258588e+03 -5.480000000000000426e+00 1.024388581536536803e+05 4.235891274553470112e+02 3.608006328576134820e+03
2.500000000000000000e+01 7.316202179205880896e+01 1.198176751882494351e+01 2.707504237812160763e+00 1.459875770502848695e+02 8.920248786023691423e+01 1.029332532686114519e+02 1.055560593455004209e+03 3.717262750195783610e+03 -5.480000000000000426e+00 3.262370863708657562e+05 9.633782012825319043e+02 3.641509651456213760e+03
2.600000000000000000e+01 7.312052965235598379e+01 1.198141083219153202e+01 3.703155500940064293e+00 1.495325219556174829e+02 9.000248203264860081e+01 1.061342335766574223e+02 2.779733509591617917e+02 3.645993723842915188e+03 -5.480000000000000426e+00 9.553819662403326947e+04 1.833121078160564537e+02 3.644156455748012377e+03
2.700000000000000000e+01 7.315228387444851421e+01 1.197483087783370159e+01 8.756364758942034143e+00 1.719884478351982864e+02 8.927121278825072181e+01 1.030235855434673482e+02 8.604632969079880240e+02 3.831802413038179566e+03 -5.480000000000000426e+00 3.474466468326107133e+05 7.796500399549095164e+02 3.774391887588964892e+03
2.800000000000000000e+01 7.316957956092464599e+01 1.197008591283398538e+01 2.232884368148840615e+00 1.448724651160999599e+02 8.996141570775938590e+01 1.057839045532933966e+02 1.173988239390444278e+03 3.955533061526547954e+03 -5.480000000000000426e+00 1.182243800438083941e+06 1.104362145507350988e+03 3.867704751838912671e+03
2.900000000000000000e+01 7.321341032892406986e+01 1.196954812341217611e+01 4.589894434177125504e+00 1.535054321522791838e+02 8.938642886610544736e+01 1.031919958519483913e+02 1.993508580627743413e+03 4.049106866355389684e+03 -5.480000000000000426e+00 2.004419566847386886e+05 1.928343118369138438e+03 3.882408039350072158e+03
3.000000000000000000e+01 7.313869539039707490e+01 1.195063724152069362e+01 2.226151536951556764e+00 1.448180962136251537e+02 8.982710750154474511e+01 1.052726216376091628e+02 5.593183515646919659e+02 4.270506068263821362e+03 -5.480000000000000426e+00 1.990603285774439108e+06 5.218608242850229999e+02 4.239906444964601178e+03
3.100000000000000000e+01 7.311989777218789754e+01 1.195595253724683360e+01 3.369863075607526515e+00 1.480142664315028185e+02 8.932946820259577692e+01 1.037196538077733976e+02 2.166432011507479274e+02 4.133547726309411701e+03 -5.480000000000000426e+00 2.492629573997627012e+05 1.689521791143710345e+02 4.135395277853834159e+03
3.200000000000000000e+01 7.316600663592102194e+01 1.195668569681438598e+01 2.588783807296057393e+00 1.459423385992173223e+02 8.990868534626309838e+01 1.056004855834649447e+02 1.080953855568514882e+03 4.206768684000187022e+03 -5.480000000000000426e+00 3.100021535223423853e+05 1.035927177110040475e+03 4.125948816470275233e+03
3.300000000000000000e+01 7.315159343099628586e+01 1.193811899214529149e+01 2.319299221003805478e+00 1.451776927843639271e+02 8.932884204174906984e+01 1.033327479829522559e+02 7.757098834769916493e+02 4.535878909963518709e+03 -5.480000000000000426e+00 6.889164983387836255e+05 7.631729066073842205e+02 4.482801733980721110e+03
