# id ra dec s L A b x y a flux x_0 y_0
0.000000000000000000e+00 1.173738173162543035e+02 -2.097302226553400928e+01 1.851266849459822339e+00 3.794705338682656475e+02 8.996843820955319870e+01 2.523114575117254503e+02 9.214705380493910525e+02 9.960503790567067881e+02 6.540000000000000568e+01 1.064232872912118584e+07 1.223582493841063751e+03 4.521987126705256514e+02
1.000000000000000000e+00 1.173351317822082791e+02 -2.096922468349145774e+01 5.364870495516401050e+00 3.701039554463417289e+02 8.976510074933838723e+01 2.513855908331963747e+02 5.627133607408538865e+02 1.597164106882934675e+03 6.540000000000000568e+01 3.548978362376828212e+06 5.283095224704671864e+02 3.765867462851297205e+02
2.000000000000000000e+00 1.173921206339144021e+02 -2.097064608774689631e+01 8.975484519884874501e+00 3.701045156637553077e+02 8.994931063713009678e+01 2.522268827033516345e+02 1.017128640452701461e+03 6.781869289632509208e+02 6.540000000000000568e+01 4.161777859850426205e+06 1.552837821430546228e+03 4.076859591784573240e+02
3.000000000000000000e+00 1.173565198601114759e+02 -2.097242304098955401e+01 3.022679551310131441e+00 3.826353469585421294e+02 8.968714131455314487e+01 2.514226789166909271e+02 7.803206013675265922e+02 1.272716824046036891e+03 6.540000000000000568e+01 3.459023650871477090e+06 9.126318073268082571e+02 4.395255285385538855e+02
4.000000000000000000e+00 1.173314010705529853e+02 -2.099330320076602874e+01 1.723207727813946599e+00 3.776122169079411606e+02 8.995447741359889449e+01 2.480323726817321131e+02 9.560071793511854139e+02 1.851289820551838829e+03 6.540000000000000568e+01 9.264566102802494168e+07 4.596223977390756659e+02 8.399606444927241000e+02
5.000000000000000000e+00 1.173376403241115753e+02 -2.097523009566429053e+01 5.971207062174569202e+00 3.701571042918041030e+02 8.978104500279263789e+01 2.514795922422856620e+02 6.864454872879640561e+02 1.604351987648343766e+03 6.540000000000000568e+01 3.279459687922034878e+06 5.730052332204277263e+02 4.923711718083727646e+02
6.000000000000000000e+00 1.173709102487271423e+02 -2.098074678385706449e+01 1.936280785438148300e+00 3.793402515519121607e+02 8.967933110564369770e+01 2.513986430611603282e+02 1.034063365059995704e+03 1.105948265587715696e+03 6.540000000000000568e+01 6.343597906405219808e+06 1.170761985983332579e+03 6.007334595525849181e+02
7.000000000000000000e+00 1.173708643548162343e+02 -2.098057206037118405e+01 1.935876344334748866e+00 3.793643505362551309e+02 8.991751653639491337e+01 2.523167732166133419e+02 1.030674974122412323e+03 1.105261630964565256e+03 6.540000000000000568e+01 6.345719065545467660e+06 1.169949425831788176e+03 5.973662893964494742e+02
8.000000000000000000e+00 1.173899824871839144e+02 -2.099653787257381765e+01 2.549436843817554088e+00 3.806170332307822264e+02 8.957522410448602557e+01 2.512790969828681114e+02 1.453536470075945545e+03 9.225457981998692958e+02 6.540000000000000568e+01 3.758703290182439145e+06 1.512478170153624205e+03 9.060609716941744409e+02
9.000000000000000000e+00 1.173975767870949198e+02 -2.099631988854014253e+01 9.165868622786161879e+00 3.701087600831614282e+02 9.031035020423426829e+01 2.529516962342914894e+02 1.507575017514879164e+03 7.964571507685279812e+02 6.540000000000000568e+01 4.855707253962754272e+06 1.649012600184693383e+03 9.023874127901867723e+02
1.000000000000000000e+01 1.173857096371876452e+02 -2.100051006344768467e+01 9.837805496732245913e+00 3.702112089489372693e+02 8.989681370205622102e+01 2.500797382944308822e+02 1.491349133768678712e+03 1.024295705867917150e+03 6.540000000000000568e+01 5.049161405243803747e+06 1.435375888853277502e+03 9.822498307074267814e+02
1.100000000000000000e+01 1.173563366267635502e+02 -2.100234234047549364e+01 1.752767663989450719e+00 3.781834992908439972e+02 8.970760874230217041e+01 2.508106663967002135e+02 1.301720264062752904e+03 1.518612478278038679e+03 6.540000000000000568e+01 2.083792146789501235e+07 9.072447818568057301e+02 1.015578366154161358e+03
1.200000000000000000e+01 1.173670782591776174e+02 -2.100061998560404319e+01 5.184234296923049712e+00 3.699998243420522499e+02 9.000151919337729112e+01 2.525120644418165057e+02 1.352185412209340484e+03 1.328677027162125114e+03 6.540000000000000568e+01 2.786858808378357906e+06 1.100453871422650991e+03 9.831181398913300882e+02
1.300000000000000000e+01 1.173881529739987712e+02 -2.100119505967930422e+01 5.053192973985190406e+00 3.701054892480507874e+02 8.975320947658001103e+01 2.513080880629931926e+02 1.521843655621986045e+03 9.893601245398339188e+02 6.540000000000000568e+01 2.586266222735104617e+06 1.479246434471603152e+03 9.956053236603837604e+02
1.400000000000000000e+01 1.173335358800101886e+02 -2.100633920354945872e+01 2.953845392083992216e+00 3.699996529461073465e+02 8.991034719474210135e+01 2.522230093331996841e+02 1.199146360957885236e+03 1.923685670324619650e+03 6.540000000000000568e+01 3.056604173547618091e+06 4.971230641931766741e+02 1.091086505023624113e+03
1.500000000000000000e+01 1.173706727425675354e+02 -2.099507589814269437e+01 5.961334027030035010e+00 3.701084235360983712e+02 9.006552062033775030e+01 2.516938104700587076e+02 1.282632155732824685e+03 1.224990152684184523e+03 6.540000000000000568e+01 3.414496497501675971e+06 1.165464873927523058e+03 8.766102541051466233e+02
1.600000000000000000e+01 1.173462330389094319e+02 -2.100244204130704873e+01 8.274717680677827758e+00 3.702041348689825782e+02 8.938274748158478644e+01 2.510781868698713311e+02 1.226941201065986888e+03 1.684196231530538853e+03 6.540000000000000568e+01 4.250334514773733914e+06 7.256212706082683326e+02 1.016849632279304615e+03
1.700000000000000000e+01 1.173577003874557079e+02 -2.098763408342636438e+01 8.287297712084136236e+00 3.701037736613596394e+02 8.996886753785761925e+01 2.537685487952288099e+02 1.055035725143287209e+03 1.377517010743608807e+03 6.540000000000000568e+01 3.615959806161666289e+06 9.327902281305729275e+02 7.324749372254256059e+02
1.800000000000000000e+01 1.173953810068238681e+02 -2.100587971766170625e+01 1.971748638159928735e+00 3.798878308550167162e+02 8.958142227506846211e+01 2.512153780306855424e+02 1.657933448621939078e+03 9.103576608550031324e+02 6.540000000000000568e+01 6.277412866879720241e+06 1.608826314930089666e+03 1.086300507451178646e+03
1.900000000000000000e+01 1.173562026970872125e+02 -2.100206148124900807e+01 1.236004586986418197e+01 3.700908031112903700e+02 9.026545683098707684e+01 2.516430307511703290e+02 1.295563905837771017e+03 1.517948324348191591e+03 6.540000000000000568e+01 3.531749737166348100e+07 9.048569702461813904e+02 1.010162057050528347e+03
2.000000000000000000e+01 1.173461907692050801e+02 -2.100861895148032232e+01 2.033260492059172364e+00 3.785522832026405808e+02 8.933189090002372268e+01 2.434781567246232328e+02 1.334756904959665235e+03 1.734557720421879367e+03 6.540000000000000568e+01 1.374694572642835677e+08 7.244370372428658129e+02 1.135776445906664776e+03
2.100000000000000000e+01 1.173608344092041023e+02 -2.099922338168994784e+01 4.019036976619090318e+00 3.699997784303100161e+02 9.005946343735661230e+01 2.547027880846926280e+02 1.281096861903431773e+03 1.419903022547835462e+03 6.540000000000000568e+01 3.246074704650859348e+06 9.883145197077082003e+02 9.558184762923430071e+02
2.200000000000000000e+01 1.173657198841282820e+02 -2.099754403692890037e+01 4.090068634733888153e+00 3.699997474180906352e+02 9.009851213799717584e+01 2.510931186052206385e+02 1.288918463918758562e+03 1.326769359678969749e+03 6.540000000000000568e+01 3.082675931075566914e+06 1.076254711288367616e+03 9.238045195066606539e+02
2.300000000000000000e+01 1.173654817763616052e+02 -2.100254016750750452e+01 6.129866402260301328e+00 3.701002429044089013e+02 9.005207063127237177e+01 2.510014556052535966e+02 1.373828681066557692e+03 1.370797942401332875e+03 6.540000000000000568e+01 2.807961976692513097e+06 1.071619462042835494e+03 1.019984071861325674e+03
2.400000000000000000e+01 1.173984157632200578e+02 -2.101921752151312717e+01 6.710937260944497496e+00 3.702057828989627524e+02 8.955775192361269887e+01 2.510494260326128710e+02 1.913465914006137609e+03 9.671833704620394201e+02 6.540000000000000568e+01 3.809369700373028871e+06 1.662375807788094335e+03 1.343316945476199635e+03
2.500000000000000000e+01 1.173464246125870147e+02 -2.100838134885581354e+01 2.028098572974013081e+00 3.786474988118359306e+02 9.003935543415032328e+01 2.460783279306845373e+02 1.332386374124098211e+03 1.729090704404276948e+03 6.540000000000000568e+01 1.370087751070996821e+08 7.286566284138820038e+02 1.131216553129509975e+03
2.600000000000000000e+01 1.173959584098636810e+02 -2.102685497453372321e+01 5.784881313267836944e+00 3.701062168244444592e+02 8.970984405005847862e+01 2.511863777630235290e+02 2.029078055423465457e+03 1.070364473970723793e+03 6.540000000000000568e+01 2.897076980654545128e+06 1.617637241205807641e+03 1.490197774650242309e+03
2.700000000000000000e+01 1.173458502939908641e+02 -2.102683406658197995e+01 1.169666461654864875e+01 3.702632798035136261e+02 8.991754337882457548e+01 2.523793458138200378e+02 1.650710851759392426e+03 1.886789350099781359e+03 6.540000000000000568e+01 5.810306613448105752e+06 7.170662953279861540e+02 1.486465993208262262e+03
2.800000000000000000e+01 1.173499001977815226e+02 -2.103214087894707873e+01 4.023712340484536298e+00 3.705307086140215915e+02 8.968737786501652920e+01 2.514430661085366694e+02 1.773904703511580010e+03 1.863152809522852749e+03 6.540000000000000568e+01 6.126657635343037546e+06 7.894860431797429783e+02 1.588901101875279664e+03
2.900000000000000000e+01 1.173847521814855384e+02 -2.103519290045301560e+01 7.208291340809572567e+00 3.702166329397747973e+02 8.985704467926117900e+01 2.524827685067198217e+02 2.090116725447159297e+03 1.319754844289199809e+03 6.540000000000000568e+01 4.194008720580386929e+06 1.415619238913737945e+03 1.649966514902678000e+03
3.000000000000000000e+01 1.173966354353550372e+02 -2.103677171973077265e+01 5.268989370395975591e+00 3.701052572328873680e+02 8.987292391470961661e+01 2.518830581325889000e+02 2.207567250525328745e+03 1.138320448800265012e+03 6.540000000000000568e+01 2.750305134798940271e+06 1.629063070236093154e+03 1.681181290032770221e+03
3.100000000000000000e+01 1.173998177111948138e+02 -2.103672149837069938e+01 7.076899925862208285e+00 3.701040749580801617e+02 8.980370490141289963e+01 2.518040144319201090e+02 2.230452566734297761e+03 1.086154249781447106e+03 6.540000000000000568e+01 3.455866043111821637e+06 1.686257197748364433e+03 1.680435635069861974e+03
