# id ra dec s L A b x y a flux x_0 y_0
0.000000000000000000e+00 1.168900991660061806e+02 -2.139210087502488022e+01 1.303508213144287708e+01 3.702623410706307823e+02 8.979687317138964886e+01 2.565104580289190039e+02 1.201362925653151933e+03 1.132619210572731390e+03 6.540000000000000568e+01 8.403789770930565894e+06 1.215582932129377014e+03 7.641297677151499101e+02
1.000000000000000000e+00 1.169060130701019062e+02 -2.139670088444580287e+01 2.203230826729816627e+00 3.718962285954931986e+02 8.976264441994202059e+01 2.562927006118510462e+02 1.001904458815770454e+03 1.356320783995531428e+03 6.540000000000000568e+01 3.995869953918030951e+06 9.303685753920203751e+02 6.753512394402381460e+02
2.000000000000000000e+00 1.168947456330792676e+02 -2.139250986426972290e+01 1.053083685159643323e+01 3.702824996140063263e+02 9.008728968354407129e+01 2.575256218834880428e+02 1.159277982030966086e+03 1.205705479856708507e+03 6.540000000000000568e+01 6.088490797449021600e+06 1.132292616433883268e+03 7.561960894351699380e+02
3.000000000000000000e+00 1.169111064528130441e+02 -2.139247485418584915e+01 6.343113231843768851e+00 3.701520916981908726e+02 8.984389008092912832e+01 2.563148636657351744e+02 1.037447040256464334e+03 1.472161448723177045e+03 6.540000000000000568e+01 3.590388498406174593e+06 8.389966038650650262e+02 7.566417053432802504e+02
4.000000000000000000e+00 1.168895309719403883e+02 -2.137638909973042090e+01 1.774106113548692853e+00 3.699022746913670971e+02 8.999962788129124647e+01 2.552799971962106156e+02 1.480872352000408000e+03 1.249536802411955250e+03 6.540000000000000568e+01 4.307944001247686148e+07 1.225560858315489440e+03 1.066639235652274238e+03
5.000000000000000000e+00 1.169144086424394544e+02 -2.138972771011677665e+01 3.278138027924366593e+00 3.699997683451792909e+02 8.990652239779299748e+01 2.567157487887804450e+02 1.060825388637623291e+03 1.548586419294116240e+03 6.540000000000000568e+01 2.335238852201868780e+06 7.797545423437037471e+02 8.094833611930923780e+02
6.000000000000000000e+00 1.168884604247639629e+02 -2.138805738762844655e+01 3.818069904687060312e+00 3.699998249066107405e+02 9.001407598240700736e+01 2.570609538987059750e+02 1.284688301746763500e+03 1.138451556574247661e+03 6.540000000000000568e+01 2.335901885816592723e+06 1.244907220715917902e+03 8.420003310766405775e+02
7.000000000000000000e+00 1.168809658030839387e+02 -2.139819750720473124e+01 1.147778098032063809e+01 3.702591153947225280e+02 8.992090746158088166e+01 2.566416370440884975e+02 1.162939388203400085e+03 9.355110775986669296e+02 6.540000000000000568e+01 5.797469176984359510e+06 1.379388599221991171e+03 6.468591860705428189e+02
8.000000000000000000e+00 1.168924283351759357e+02 -2.138544431676903557e+01 1.918718922054897025e+00 3.709414656431650883e+02 8.992760001987456064e+01 2.567913477400736042e+02 1.300132327389376769e+03 1.224548227809973014e+03 6.540000000000000568e+01 6.085437943162057549e+06 1.173738095529500242e+03 8.922606546764900486e+02
9.000000000000000000e+00 1.168701992990541640e+02 -2.138572869561177470e+01 5.631460149303209484e+00 3.701031904805108184e+02 8.999846725046546680e+01 2.570060177950581419e+02 1.461448394831090127e+03 8.600574940331373455e+02 6.540000000000000568e+01 2.895798797965526115e+06 1.572252996581094976e+03 8.870409279305185919e+02
1.000000000000000000e+01 1.168701346635824194e+02 -2.137987760354547007e+01 1.237729044020608171e+01 3.701380471646362480e+02 9.017480748245188238e+01 2.566373816639539882e+02 1.564496221931713762e+03 9.060284190565597555e+02 6.540000000000000568e+01 7.006760216673480347e+06 1.573348098035516387e+03 9.996939272231385303e+02
1.100000000000000000e+01 1.168923212366630224e+02 -2.137762819841776718e+01 9.309353207137245789e+00 3.702015862484044533e+02 9.004848108829783371e+01 2.579458014266852501e+02 1.438143775322237389e+03 1.285734346068630884e+03 6.540000000000000568e+01 5.396905154986503534e+06 1.175552017393949427e+03 1.042747487969880240e+03
1.200000000000000000e+01 1.168710663681185906e+02 -2.137526404924387435e+01 3.267936642796195557e+00 3.699997109337887764e+02 8.984003771564997010e+01 2.564968965745916307e+02 1.638226318933622906e+03 9.581076269225852684e+02 6.540000000000000568e+01 2.885178858437521383e+06 1.556593601537822451e+03 1.088510065000095665e+03
1.300000000000000000e+01 1.169129386765266219e+02 -2.138894239655244434e+01 7.521487726440717836e+00 3.700995201332766555e+02 9.009716295816137688e+01 2.583775372065007332e+02 1.086205641616307048e+03 1.531292830573886931e+03 6.540000000000000568e+01 3.709251829610501416e+06 8.060940639457212455e+02 8.246255260327247925e+02
1.400000000000000000e+01 1.168703414705269523e+02 -2.136836866000319546e+01 1.735591818629969474e+00 3.703624987750029618e+02 8.976474052245033874e+01 2.558250203447399542e+02 1.763964381377868449e+03 1.002151361891246211e+03 6.540000000000000568e+01 1.211536940926245973e+07 1.569514934055203867e+03 1.221275769169350724e+03
1.500000000000000000e+01 1.168949419937909084e+02 -2.136234159581628944e+01 1.803191205652392437e+00 3.705244511842762449e+02 9.007494042514115051e+01 2.572809416427207339e+02 1.685724123805297268e+03 1.450510988381155130e+03 6.540000000000000568e+01 8.238161809689892456e+06 1.128353428603483508e+03 1.337029697642088195e+03
1.600000000000000000e+01 1.168648875356093129e+02 -2.138015359656405323e+01 1.162369279444346581e+01 3.702007036144734116e+02 8.998494628984977339e+01 2.563592844081155704e+02 1.598427618760552150e+03 8.177833442470400769e+02 6.540000000000000568e+01 6.092275698495256715e+06 1.667422478319896982e+03 9.944322082487693706e+02
1.700000000000000000e+01 1.168938955481800406e+02 -2.136409528498152710e+01 6.518400042847408926e+00 3.701015044117179968e+02 8.994044446121387182e+01 2.567323366111870087e+02 1.663070468543548031e+03 1.419270528996911480e+03 6.540000000000000568e+01 3.662448967488784343e+06 1.147140706351467998e+03 1.303279176157482425e+03
1.800000000000000000e+01 1.168690785073904692e+02 -2.137847300972533660e+01 1.217107696769827285e+01 3.702052850980778658e+02 8.992222171866676206e+01 2.568648700545230099e+02 1.597050577821886463e+03 8.995247502174360079e+02 6.540000000000000568e+01 6.519467032150133513e+06 1.592267978506833288e+03 1.026747588927221386e+03
1.900000000000000000e+01 1.168750756908307977e+02 -2.137588915689307356e+01 1.215542964929965031e+01 3.701703611193061079e+02 9.020451139415906994e+01 2.569629800056264344e+02 1.597135390801974381e+03 1.017682754755008546e+03 6.540000000000000568e+01 6.338452225029744208e+06 1.484718577510122032e+03 1.076432448260769661e+03
2.000000000000000000e+01 1.168967169531834998e+02 -2.135667537076842493e+01 4.714696748584691122e+00 3.701025253543300551e+02 9.010549603674000707e+01 2.579479666903383759e+02 1.771843451566523299e+03 1.525640571189728689e+03 6.540000000000000568e+01 3.646919525392785203e+06 1.096447842778365157e+03 1.446099221536450159e+03
2.100000000000000000e+01 1.169123377390584722e+02 -2.135839104675209654e+01 4.774286613676043345e+00 3.701025582321200318e+02 8.983397759760406132e+01 2.562683542521349409e+02 1.624993019267306181e+03 1.766103658207459830e+03 6.540000000000000568e+01 2.587299141302798875e+06 8.163781843882291014e+02 1.412846333298405625e+03
2.200000000000000000e+01 1.169103110806224066e+02 -2.135778341496196475e+01 8.815840365370796405e+00 3.701532776458300305e+02 8.992455270772157405e+01 2.573113915731124166e+02 1.650415795799279977e+03 1.737857091359975357e+03 6.540000000000000568e+01 4.779024106748283841e+06 8.527083187443225825e+02 1.424575380580041610e+03
2.300000000000000000e+01 1.169291954187630012e+02 -2.134518368049076642e+01 1.743745389832595194e+00 3.702433792474760139e+02 8.986815399522568271e+01 2.564133366779391849e+02 1.730314336214892364e+03 2.147887563189224693e+03 6.540000000000000568e+01 1.367104251841639169e+07 5.138670288371687320e+02 1.666860810440899058e+03
2.400000000000000000e+01 1.169074855444997070e+02 -2.135406591390044184e+01 1.103729665526247317e+01 3.702564467183857460e+02 8.987895038587124930e+01 2.571547748137738836e+02 1.736719948985311703e+03 1.721416656628351120e+03 6.540000000000000568e+01 5.793680762887978926e+06 9.033154789819152484e+02 1.496190411399645654e+03
2.500000000000000000e+01 1.169284933052028350e+02 -2.135248238181615932e+01 4.049999903385842259e+00 3.699997731476453851e+02 9.000763088959827485e+01 2.572147937295188171e+02 1.607046553186495203e+03 2.077963881041563127e+03 6.540000000000000568e+01 2.430484669388010632e+06 5.265888015788168559e+02 1.526349485120275631e+03
2.600000000000000000e+01 1.168950785648910937e+02 -2.133579901596411332e+01 1.660341192341432182e+00 3.700230774406699652e+02 8.980910227933513568e+01 2.557770867403411330e+02 2.149470875114270711e+03 1.665914668486733490e+03 6.540000000000000568e+01 1.945619476760493219e+07 1.125535497990349540e+03 1.848056406080509078e+03
2.700000000000000000e+01 1.169325283253385521e+02 -2.135007309660085895e+01 3.708349837684584038e+00 3.699998325073174783e+02 8.999908899600131917e+01 2.574716685184659468e+02 1.619016249100122195e+03 2.162854165980671041e+03 6.540000000000000568e+01 2.333066150185653009e+06 4.541899973903406362e+02 1.572666957361744608e+03
2.800000000000000000e+01 1.169082562047204732e+02 -2.134890508650680374e+01 3.679105695841938584e+00 3.699998140076731374e+02 9.001153686853697877e+01 2.567196715632979362e+02 1.821906347361593816e+03 1.775782344143403861e+03 6.540000000000000568e+01 2.612663923086648341e+06 8.894164442909734589e+02 1.595541515743806031e+03
2.900000000000000000e+01 1.169195657655427567e+02 -2.134340029966381636e+01 1.982659721841064648e+00 3.707784189861594655e+02 8.980012072987013028e+01 2.564373200099430505e+02 1.832937737742013496e+03 2.005206411986889862e+03 6.540000000000000568e+01 6.744963463306784630e+06 6.865203952357843491e+02 1.701354283419422927e+03
3.000000000000000000e+01 1.169185031250330979e+02 -2.134652412643250230e+01 1.644279302378772956e+00 3.699653317990577079e+02 9.000410537817101897e+01 2.560471506603443004e+02 1.786605945313450775e+03 1.963074906750380705e+03 6.540000000000000568e+01 2.993715116160532087e+07 7.056287240488629777e+02 1.641227496597051868e+03
