# id ra dec s L A b x y a flux x_0 y_0
0.000000000000000000e+00 1.846738455880702077e+02 4.899781523407840922e+01 1.699870590159322070e+00 3.640376388987288578e+02 8.921087818654119417e+01 7.425632078981021778e+01 2.457108297643508649e+03 1.979440560745644689e+03 -2.910000000000000142e+01 3.693475378148529213e+06 1.134826686922206591e+03 1.633147488052098197e+03
1.000000000000000000e+00 1.846430756457894802e+02 4.899122657716679186e+01 1.075850040449114786e+01 3.600452828016192939e+02 8.998557684860008976e+01 7.507971366748971320e+01 2.053937149774345926e+03 1.898445767698274949e+03 -2.910000000000000142e+01 2.256273038918617181e+06 7.439181537333001870e+02 1.758072294991264471e+03
2.000000000000000000e+00 1.846865007969412318e+02 4.897251896085585088e+01 3.961072404348242593e+00 3.600437021084108551e+02 8.931762865363754145e+01 7.440002549288955436e+01 2.355259285096830354e+03 2.486628359742312114e+03 -2.910000000000000142e+01 1.308238857154733967e+06 1.293367028598335764e+03 2.125626664688965775e+03
3.000000000000000000e+00 1.846426547713394086e+02 4.896654691416587468e+01 5.481970679945471048e+00 3.599996959075294285e+02 9.000454714151084090e+01 7.500764533103524911e+01 1.814001449775531682e+03 2.313284615733568899e+03 -2.910000000000000142e+01 1.078639687149852049e+06 7.363618958813501649e+02 2.237329596819387916e+03
4.000000000000000000e+00 1.846541367801505089e+02 4.896588911002044142e+01 4.027699885312731709e+00 3.600428859968144479e+02 8.926817485935931984e+01 7.437795357959387843e+01 1.934082836741065876e+03 2.396880342615146219e+03 -2.910000000000000142e+01 1.380945489200788550e+06 8.820450430534222050e+02 2.251256550578001224e+03
5.000000000000000000e+00 1.846961699595483140e+02 4.896571516526832824e+01 4.401659887011934558e+00 3.599997057669880292e+02 9.000188105075260125e+01 7.504404728721834772e+01 2.398008845150765865e+03 2.662249874472081501e+03 -2.910000000000000142e+01 9.111700105912269792e+05 1.415563719465957547e+03 2.258662710056379638e+03
6.000000000000000000e+00 1.846259905559614367e+02 4.895860153886609112e+01 5.251696171948203151e+00 3.604707128304348771e+02 8.926316834757965069e+01 7.436315396226571295e+01 1.553389558578504193e+03 2.343226217999734217e+03 -2.910000000000000142e+01 1.798734844230923802e+06 5.240971891884088336e+02 2.389923529912231970e+03
7.000000000000000000e+00 1.846204773622884261e+02 4.896519965920898443e+01 7.229218806697156552e+00 3.600435770213108526e+02 8.999465961825673332e+01 7.503646682589359784e+01 1.555992411303826202e+03 2.197115960551991975e+03 -2.910000000000000142e+01 1.454387144575522980e+06 4.547373012098361187e+02 2.261206814873994517e+03
8.000000000000000000e+00 1.846648242795683359e+02 4.887526184559853704e+01 1.903244636519305644e+00 3.632683071239378592e+02 8.934881546973775812e+01 7.432027960970465585e+01 1.189687610550331783e+03 3.997621570593208617e+03 -2.910000000000000142e+01 2.433859415916149504e+06 1.010070847392325391e+03 4.012348032551482447e+03
