# id ra dec s L A b x y a flux x_0 y_0
0.000000000000000000e+00 2.008963362442726748e+02 -1.031618686629223447e+01 2.006944595263289610e+00 7.160363320917288377e+01 8.821004156028217835e+01 1.228924448842192589e+02 2.283506145226673198e+03 1.117867588597072427e+03 -1.819999999999999929e+01 1.557339805245802272e+06 1.138965459489846353e+03 8.018970414136429099e+02
1.000000000000000000e+00 2.009327088818775167e+02 -1.018493253512096430e+01 4.389490726315655955e+00 7.999231179640729295e+01 8.851316065730267724e+01 1.225212717775594626e+02 8.030324597368894501e+02 3.310432128131682475e+03 -1.819999999999999929e+01 4.190512918018415803e+05 4.186896301618766074e+02 3.346981345692531249e+03
2.000000000000000000e+00 2.009062984606826774e+02 -1.016772156808924521e+01 4.690932823245264949e+00 7.999999216536930646e+01 8.997572304286694589e+01 1.269998045219041813e+02 1.181951602451863437e+03 3.785078574325874342e+03 -1.819999999999999929e+01 2.580953679957576678e+05 9.273529776806826703e+02 3.679310323035163947e+03
3.000000000000000000e+00 2.009198983095728011e+02 -1.016748173054081228e+01 2.202865105731709683e+00 7.197491516637565212e+01 8.850571126619827567e+01 1.230085962956910492e+02 9.306428694998077162e+02 3.708399915271704231e+03 -1.819999999999999929e+01 7.845602775895734085e+05 6.642415698479969706e+02 3.684571365868319845e+03
4.000000000000000000e+00 2.008733726957990484e+02 -1.016685128631932500e+01 2.215958871971743349e+00 7.231033735041840771e+01 8.993898005683237784e+01 1.269637128658159355e+02 1.783725771920687066e+03 3.999191321816234449e+03 -1.819999999999999929e+01 7.609705124815065647e+05 1.564176793093225569e+03 3.694644242776933879e+03
5.000000000000000000e+00 2.008952599659919258e+02 -1.016008176764685977e+01 2.757078524926345420e+00 7.366500689509010158e+01 8.854370628004066646e+01 1.230990786754629767e+02 1.338092121066554228e+03 3.991768711050481670e+03 -1.819999999999999929e+01 4.483307869661407312e+05 1.139914620662805874e+03 3.826847574463871752e+03
6.000000000000000000e+00 2.009303621795814365e+02 -1.012194295846762238e+01 2.390305528166867699e+00 7.279771074151868504e+01 9.002185280842300585e+01 1.246926214201855316e+02 4.566026941304165803e+02 4.481580356314297205e+03 -1.819999999999999929e+01 3.692989063701684773e+07 4.559350793924970731e+02 4.567476254637443162e+03
7.000000000000000000e+00 2.009499730416167154e+02 -1.014782283306489497e+01 3.887744747167665160e+00 7.998484554202239849e+01 8.856628913977276341e+01 1.229008217091884063e+02 2.565889644368390918e+02 3.889014589308998438e+03 -1.819999999999999929e+01 3.975452714725919650e+05 7.990256940483118342e+01 4.066834237900320659e+03
8.000000000000000000e+00 2.009348380314009432e+02 -1.013016635886316053e+01 2.059923920821756127e+00 7.130537139617055686e+01 8.974455666467369497e+01 1.267514000315993030e+02 4.258458267717815602e+02 4.303567919113701464e+03 -1.819999999999999929e+01 1.384143163367010420e+06 3.704066218360137555e+02 4.408321365569344380e+03
