# id ra dec s L A b x y a flux x_0 y_0
0.000000000000000000e+00 5.353294721591288408e+01 -2.365790940990688895e+01 2.602590480903637538e+00 7.290265659318950497e+01 9.284244024571498244e+01 9.607645221953968928e+01 1.013781351376125485e+03 1.015685492930342662e+03 4.389999999999999858e+01 7.802001936286914162e+06 1.040573688751741201e+03 3.796420178095970641e+02
1.000000000000000000e+00 5.350027129554455030e+01 -2.364003044459492386e+01 6.110853385859196685e+00 8.578911625678135522e+01 9.005936103526086356e+01 9.688778717931693052e+01 1.671230489744273655e+03 8.681752426916668810e+02 4.389999999999999858e+01 5.499493470339353662e+05 1.617292266148252338e+03 7.283526119785490209e+02
2.000000000000000000e+00 5.349008035942966899e+01 -2.363646394483427926e+01 2.898637689204527135e+00 7.379040000346653017e+01 9.279057515541116175e+01 9.637442270679729006e+01 1.849034419139178453e+03 7.927702866545562301e+02 4.389999999999999858e+01 1.353479081302211853e+06 1.797511622689825344e+03 7.979560132289059311e+02
3.000000000000000000e+00 5.356024230286766397e+01 -2.362268666422464136e+01 5.106080219184103264e+00 8.185387190072391661e+01 9.029065663717022971e+01 9.686707320164066459e+01 1.135930218037100303e+03 1.850759845305106410e+03 4.389999999999999858e+01 4.294208480850521009e+05 5.504828021348226912e+02 1.064778442063076682e+03
4.000000000000000000e+00 5.350419265986348449e+01 -2.360753823346142255e+01 2.559604785469893784e+00 7.275884019290668903e+01 9.256830673296907719e+01 9.613756953179638742e+01 2.056061136355969666e+03 1.376422568087267337e+03 4.389999999999999858e+01 7.314480088363382034e+06 1.542486425916673397e+03 1.360880178266755593e+03
5.000000000000000000e+00 5.350520462402356969e+01 -2.360472501093243380e+01 4.691586969445896926e+00 8.105998581212891452e+01 9.044559095301688956e+01 9.681600409690413755e+01 2.080758771539604368e+03 1.428044231537570568e+03 4.389999999999999858e+01 4.897355715610882617e+05 1.524075651217752011e+03 1.415633132995916867e+03
6.000000000000000000e+00 5.353446563604271802e+01 -2.359256362781966843e+01 7.526408110974590393e+00 8.554690937699378139e+01 9.195611851493249844e+01 9.642185789560721787e+01 1.868229813676595995e+03 1.960374216804744492e+03 4.389999999999999858e+01 9.312570427436032332e+05 1.002837859377995301e+03 1.651833286326750112e+03
7.000000000000000000e+00 5.353105643949177761e+01 -2.346597511508991118e+01 2.976458107649706086e+00 7.273269701474607984e+01 9.297964482674218800e+01 9.628739344155631841e+01 3.605564649761656256e+03 3.708209572893981658e+03 4.389999999999999858e+01 2.471452059411431663e+06 1.042469007691382558e+03 4.116412876181450883e+03
8.000000000000000000e+00 5.354089771685522692e+01 -2.346661082281467614e+01 2.899609892843848957e+00 7.298642660733368359e+01 8.980163643925730810e+01 9.683906423823194132e+01 3.471796800792060822e+03 3.821325559480831089e+03 4.389999999999999858e+01 2.411283172524757683e+06 8.677631994051764650e+02 4.103823590722674453e+03
