# id ra dec s L A b x y a flux x_0 y_0
0.000000000000000000e+00 4.816896202725123999e+01 1.810390008432286280e+01 3.453008716243145315e+00 2.499253227633141137e+02 9.000535532637154290e+01 6.355921185782743521e+01 3.629104843181419824e+02 1.762989014984088953e+03 6.370000000000000284e+01 5.211247728853035718e+06 2.772215991304021259e+02 2.667736042999414394e+02
1.000000000000000000e+00 4.815418311415530894e+01 1.815427148571836469e+01 5.285603676830230135e+00 2.555078668954086822e+02 9.002190040139666394e+01 6.375579503800623371e+01 1.352443742477344131e+03 1.954989072623480524e+03 6.370000000000000284e+01 1.216271488720528316e+06 5.439431279488056816e+02 1.239302709363580561e+03
2.000000000000000000e+00 4.811076969720870267e+01 1.818207313492123589e+01 3.407747473704648478e+00 2.508149406094259461e+02 8.991945680724244028e+01 6.359295859176189225e+01 2.188302288657429472e+03 1.484530900553715128e+03 6.370000000000000284e+01 4.140192103600470349e+06 1.335572784170341038e+03 1.780085783494618227e+03
3.000000000000000000e+00 4.812431934862313199e+01 1.820338491302712214e+01 4.581156767504518612e+00 2.541207370752522365e+02 9.001774732005465296e+01 6.382569237183007260e+01 2.444493610979532605e+03 1.889461151411343508e+03 6.370000000000000284e+01 1.390014953355500009e+06 1.086313781447632664e+03 2.189307633159987745e+03
4.000000000000000000e+00 4.810061794735605645e+01 1.820490104107183527e+01 4.069393494391215782e+00 2.525956404566165361e+02 8.991947992227648001e+01 6.371214677637399149e+01 2.664869152953506727e+03 1.515203729167456004e+03 6.370000000000000284e+01 1.749608169739593053e+06 1.519403710448769743e+03 2.221260354091942645e+03
5.000000000000000000e+00 4.811129989621620240e+01 1.826754245658156250e+01 3.513101387991296676e+00 2.510708406221901043e+02 9.004021444572127564e+01 6.374025824951453245e+01 3.657444223617970692e+03 2.230464951838355319e+03 6.370000000000000284e+01 3.076627333257544786e+06 1.319455717771344553e+03 3.427406826918264414e+03
6.000000000000000000e+00 4.811020689885812374e+01 1.826563184987484689e+01 5.166028602399406644e+00 2.628077494082708654e+02 9.004678879620243492e+01 6.365924813208605570e+01 3.633895900674698623e+03 2.195712314566620535e+03 6.370000000000000284e+01 7.878371501175634330e+05 1.339569567211173535e+03 3.390706840684528743e+03
7.000000000000000000e+00 4.813174924840608071e+01 1.830208688614718682e+01 4.769159970517679703e+00 2.544178979804755727e+02 8.990406445120868284e+01 6.370080067680921587e+01 4.086021442025082706e+03 2.862095693278820818e+03 6.370000000000000284e+01 1.358904179815305863e+06 9.433059156259585052e+02 4.090898603561473919e+03
8.000000000000000000e+00 4.812195628621034160e+01 1.829914807535572407e+01 3.462191744018783268e+00 2.505649482033553568e+02 9.007022348142973556e+01 6.369351508250240101e+01 4.115331368079477215e+03 2.676316821341052673e+03 6.370000000000000284e+01 4.038256610456601251e+06 1.122413872898155887e+03 4.035367211762184070e+03
