# id ra dec s L A b x y a flux x_0 y_0
0.000000000000000000e+00 1.557525273399713512e+02 5.801613981806823972e+00 2.187028180536422450e+00 1.415751821772532821e+02 8.932179729814339453e+01 1.408288464374614364e+02 2.412012197484197600e+02 1.549879732762881304e+03 8.109999999999999432e+01 7.549253946103290655e+05 5.672130241470766805e+02 1.544731262326427554e+02
1.000000000000000000e+00 1.557012626148047332e+02 5.810099763730458555e+00 4.050231594403589597e+00 1.459575798485846860e+02 8.999413027672690646e+01 1.439804346605902765e+02 5.539622506337927916e+02 6.049034250766098921e+02 8.109999999999999432e+01 2.412721944941944676e+05 1.549288327750942017e+03 3.172808904025164338e+02
2.000000000000000000e+00 1.557559680176370875e+02 5.820765472845102373e+00 2.600369089203108608e+00 1.429615545430199290e+02 8.937658841403269605e+01 1.408466953302008164e+02 5.947892422302578552e+02 1.671286864508686676e+03 8.109999999999999432e+01 5.289015131181288743e+05 5.015495914412405796e+02 5.232508222597019767e+02
3.000000000000000000e+00 1.557623931050827650e+02 5.829671937344500066e+00 6.349974534475837373e+00 1.539410899024662456e+02 8.999599358948840688e+01 1.436358067648589270e+02 7.454959974357627743e+02 1.820616383416948111e+03 8.109999999999999432e+01 5.696649011975384783e+05 3.785949047716656537e+02 6.948117019727118304e+02
4.000000000000000000e+00 1.556929527252706862e+02 5.831064044221647258e+00 6.663138226447587797e+00 1.577451496321633897e+02 8.947438978682282595e+01 1.408557054344175015e+02 9.766575122873015289e+02 5.095548966638367006e+02 8.109999999999999432e+01 5.742769796949714655e+05 1.708682198902429036e+03 7.208319609434536233e+02
5.000000000000000000e+00 1.556924999808283587e+02 5.874451699390175641e+00 4.029386061033156885e+00 1.450913446324671554e+02 9.003090772784149465e+01 1.432362366121348316e+02 1.803891051262809469e+03 6.298382523418554229e+02 8.109999999999999432e+01 3.140620515432809480e+05 1.717808783687132745e+03 1.556188494961023025e+03
6.000000000000000000e+00 1.557170345672111580e+02 5.879828867793523983e+00 2.339398184862646612e+00 1.418959324493927170e+02 8.941484437598069235e+01 1.407160110213549729e+02 1.833514009219347599e+03 1.111193618096902583e+03 8.109999999999999432e+01 5.384656199995279312e+05 1.247971136637165273e+03 1.659976777635198914e+03
7.000000000000000000e+00 1.557463392309550159e+02 5.898135582468738924e+00 6.717074434809122252e+00 1.606803221490167175e+02 9.018508676418542791e+01 1.434946985513772120e+02 2.095513914648225636e+03 1.719722870047199194e+03 8.109999999999999432e+01 6.795664287982144160e+05 6.869428839921588406e+02 2.012781460608115140e+03
8.000000000000000000e+00 1.557169112263725026e+02 5.905488723031550258e+00 1.979974106672907519e+00 1.410161091989415922e+02 8.927736323917129369e+01 1.399908493011319024e+02 2.321928394799156649e+03 1.184325680259576529e+03 8.109999999999999432e+01 1.139590792425690917e+06 1.250624453311349498e+03 2.154014770079290884e+03
9.000000000000000000e+00 1.557116228637485449e+02 5.925218422840487165e+00 4.048625276581026000e+00 1.458456428856376590e+02 9.003038586155871315e+01 1.441665640967569857e+02 2.712942860134033708e+03 1.142956363754944732e+03 8.109999999999999432e+01 2.868607513173569459e+05 1.352124300403461575e+03 2.533819689957930223e+03
1.000000000000000000e+01 1.557740671531931866e+02 5.932280212006882714e+00 2.216025937679015456e+00 1.415626774656489033e+02 8.943237698277926029e+01 1.406934168839439963e+02 2.662609750113872451e+03 2.346757324365823024e+03 8.109999999999999432e+01 8.698967842669924721e+05 1.563573251714975356e+02 2.670531400149150159e+03
1.100000000000000000e+01 1.556881625164804177e+02 5.936401584394964459e+00 4.056112298006266492e+00 1.460719871035303186e+02 9.002101822285482058e+01 1.434237476089988661e+02 2.994965158124944082e+03 7.319865612497559368e+02 8.109999999999999432e+01 2.441253117579563987e+05 1.801521619991969374e+03 2.748886154776304465e+03
1.200000000000000000e+01 1.557504607847544662e+02 5.951208565425970320e+00 1.856890537297084087e+00 1.406830898897482029e+02 8.948942146649638119e+01 1.405201221220809487e+02 3.092453831952593191e+03 1.954728525818664139e+03 8.109999999999999432e+01 3.739252371631708462e+06 6.086724642047137195e+02 3.034667563610952584e+03
1.300000000000000000e+01 1.556897495934460665e+02 5.964892724827330461e+00 5.937277114891943874e+00 1.536475100585248867e+02 8.950671771872869442e+01 1.403173347320339701e+02 3.532299464736094706e+03 8.466532729500039522e+02 8.109999999999999432e+01 5.582149214609325863e+05 1.771424518434832862e+03 3.297449923319274603e+03
1.400000000000000000e+01 1.556896940245112546e+02 5.986942441420757710e+00 1.759424684580792597e+00 1.402858388994783922e+02 9.012607904744427856e+01 1.425806062032800696e+02 3.951439250112771333e+03 9.111965754310994043e+02 8.109999999999999432e+01 7.383738275516456924e+06 1.772717525781470158e+03 3.721978090907279693e+03
1.500000000000000000e+01 1.557563539852717156e+02 6.006236753610274981e+00 8.275743354490430193e+00 1.692405011698196802e+02 8.940620729507774911e+01 1.403180237805337356e+02 4.121887755454455146e+03 2.230863819208509085e+03 8.109999999999999432e+01 7.152680398434714880e+05 4.965186424200852002e+02 4.094218994726761139e+03
1.600000000000000000e+01 1.557055574837791880e+02 5.990684160670831204e+00 1.778032008686779353e+00 1.403753081912171012e+02 9.021586125931706590e+01 1.423571499245631458e+02 3.976575342120535879e+03 1.222505928783031095e+03 8.109999999999999432e+01 1.672547641662748903e+07 1.468996991087420611e+03 3.794185352927148415e+03
1.700000000000000000e+01 1.557081193087884685e+02 5.991756616423580262e+00 1.777506248674719069e+00 1.403520097393264621e+02 8.940785320601921171e+01 1.387626783657481440e+02 3.988648397793003369e+03 1.274098936903250205e+03 8.109999999999999432e+01 1.671680344677822851e+07 1.419953968053916014e+03 3.814861435007857381e+03
