# id ra dec s L A b x y a flux x_0 y_0
0.000000000000000000e+00 5.324569744417067341e+01 -2.271668302843747966e+01 4.746909312802016778e+00 7.781560414616104993e+01 9.150299954946498815e+01 3.822423529743849002e+01 6.080831624138462530e+02 1.113815013788447914e+03 4.389999999999999858e+01 6.947003439330602996e+05 6.808831462783002735e+02 1.693316197857851080e+02
1.000000000000000000e+00 5.327479867109895650e+01 -2.274084941884063582e+01 4.836265360576018857e+00 7.773839916401441030e+01 9.055713714425978367e+01 3.829224359344315332e+01 1.320367132779382018e+03 1.093206121376111241e+03 4.389999999999999858e+01 8.249108482598413248e+05 1.208292448957338365e+03 6.472640554719132524e+02
2.000000000000000000e+00 5.329686219652296586e+01 -2.274187681068869082e+01 4.113797495570856277e+00 7.607971767810094832e+01 9.129514514878255227e+01 3.818338463571353714e+01 1.623956448687489683e+03 8.350818111409776066e+02 4.389999999999999858e+01 2.285483086724344641e+06 1.606114176748838418e+03 6.719018966702078615e+02
3.000000000000000000e+00 5.331722282793931811e+01 -2.276630011630672001e+01 5.479146732870084691e+00 7.954844477726514640e+01 9.029577609420060469e+01 3.829557876414613560e+01 2.223655549026718745e+03 9.256465787624296127e+02 4.389999999999999858e+01 5.283329446562125813e+05 1.975757396490073688e+03 1.153173491164226334e+03
4.000000000000000000e+00 5.325706502703388168e+01 -2.281677297695421558e+01 4.663789500367315988e+00 7.735210042599530311e+01 9.044587812586368614e+01 3.827631297685964284e+01 2.121404368772015459e+03 2.375967467771456541e+03 4.389999999999999858e+01 7.722194676647302695e+05 8.974373892774747219e+02 2.126466651097972317e+03
5.000000000000000000e+00 5.328179176320808352e+01 -2.281853249663490857e+01 4.083806166762607326e+00 7.701684569878592868e+01 9.093591199801758762e+01 3.820405708816409174e+01 2.470367758399090235e+03 2.094340328084569137e+03 4.389999999999999858e+01 1.588703021888416959e+06 1.343098722616313353e+03 2.165898141508167555e+03
6.000000000000000000e+00 5.328128282396183124e+01 -2.281862897215813035e+01 4.109197409171827964e+00 7.709605968865892578e+01 9.046443152582425284e+01 3.822295924373447207e+01 2.465077618200299185e+03 2.102262228283596414e+03 4.389999999999999858e+01 1.601120854967984604e+06 1.333940974364695649e+03 2.167677292301143552e+03
7.000000000000000000e+00 5.328185121169273941e+01 -2.281853266237276401e+01 4.082741070843572295e+00 7.701513909780366873e+01 9.091828184455255268e+01 3.820408976103726673e+01 2.470470807865537154e+03 2.094374510480017307e+03 4.389999999999999858e+01 1.588403327001141384e+06 1.344169715346847624e+03 2.165913651068301533e+03
8.000000000000000000e+00 5.325962928267086482e+01 -2.286162314269174090e+01 4.508062481001545940e+00 7.710374193418313382e+01 9.155595521761173927e+01 3.823248064358261900e+01 2.766243016928940051e+03 2.971582963162945816e+03 4.389999999999999858e+01 6.978689825036703842e+05 9.488198864357179900e+02 3.002927241342452817e+03
