# id ra dec s L A b x y a flux x_0 y_0
0.000000000000000000e+00 1.407336228434878080e+02 1.916109353110652691e+01 2.822760206586721665e+00 7.911257331676512194e+01 9.346875599008252777e+01 1.051004263505327287e+02 2.712419880559785270e+03 2.253818460869635601e+03 -3.879999999999999716e+01 8.927932745125582442e+06 1.257765718327059403e+03 1.879755591011647539e+03
1.000000000000000000e+00 1.407363778823404630e+02 1.916425581170891590e+01 2.829274155249291489e+00 7.966326536271057535e+01 9.006104385066005591e+01 1.039939936480974723e+02 2.789761606015290909e+03 2.237527898485596779e+03 -3.879999999999999716e+01 9.013965321858152747e+06 1.307946779009697821e+03 1.818935035977847519e+03
2.000000000000000000e+00 1.407666112649244496e+02 1.915161192681300761e+01 2.795640137408355486e+00 7.916690313239057275e+01 9.350765795376105416e+01 1.052047829713168028e+02 3.065439436583370480e+03 2.771912813187809661e+03 -3.879999999999999716e+01 6.361354612521303818e+06 1.857516407854299587e+03 2.063015190152933883e+03
3.000000000000000000e+00 1.407730493363432061e+02 1.914475077234160594e+01 1.139714117749803712e+01 8.500675731912323840e+01 8.998431876051998302e+01 1.043335846509924210e+02 3.074157882858431549e+03 2.948084977147567770e+03 -3.879999999999999716e+01 1.026333009980657953e+06 1.974471889513383985e+03 2.195239102747662400e+03
4.000000000000000000e+00 1.406838194440447296e+02 1.911480848134812049e+01 2.956025425443246757e+00 7.932066288238121388e+01 9.340932644057063783e+01 1.053146648928697289e+02 1.447427180258214776e+03 2.379101790374395023e+03 -3.879999999999999716e+01 4.551972966894836165e+06 3.506251591433153862e+02 2.769608142994463378e+03
5.000000000000000000e+00 1.407104098500182090e+02 1.907347045222772408e+01 2.816140902929733070e+00 7.937424959059586627e+01 9.005039347812599715e+01 1.035290268802608438e+02 1.324495157810122464e+03 3.302082407419093670e+03 -3.879999999999999716e+01 1.964713420129242539e+07 8.332393264670131430e+02 3.566212249711036293e+03
6.000000000000000000e+00 1.407138494895682470e+02 1.906045858457333964e+01 2.879168634566751983e+00 7.917238628100213305e+01 9.334057745021806340e+01 1.051732076909656257e+02 1.216684143618033431e+03 3.536373462107646446e+03 -3.879999999999999716e+01 6.659967952986677177e+06 8.954825399571313937e+02 3.816818629047756076e+03
7.000000000000000000e+00 1.407703430896185068e+02 1.902456337563898003e+01 3.000000000000000000e+00 8.500000000000000000e+01 9.000000000000000000e+01 1.056364093390537420e+02 1.583000000000000000e+03 4.719000000000000000e+03 -3.879999999999999716e+01 0.000000000000000000e+00 1.922802354023474436e+03 4.509166593439765165e+03
8.000000000000000000e+00 1.407168833134123531e+02 1.903172539461876056e+01 3.691443024474667656e+00 8.137441574318944504e+01 9.336099354964305519e+01 1.054379584301609611e+02 9.114847408865711031e+02 4.001622906321701521e+03 -3.879999999999999716e+01 1.179627734423695365e+06 9.499378713539774708e+02 4.370098027424959582e+03
