# id ra dec s L A b x y a flux x_0 y_0
0.000000000000000000e+00 1.221032905061313301e+02 -2.805799948763037577e+01 2.959822860164305514e+00 4.466166048987794852e+02 8.998107814895823253e+01 3.526148089032585062e+02 4.252007888021050348e+03 1.835647131646607022e+03 -8.940000000000000568e+01 3.907203119032029063e+05 1.830661477031603908e+03 4.115278939157950049e+02
1.000000000000000000e+00 1.221734119131710230e+02 -2.805615923369274256e+01 3.901995531085513669e+00 3.609460770021418057e+02 9.008903108323501385e+01 3.522351945772904287e+02 4.207135033525113613e+03 6.346913933744273209e+02 -8.940000000000000568e+01 1.902938862176030874e+06 6.300703636949263000e+02 4.434519111319240778e+02
2.000000000000000000e+00 1.221320243179746683e+02 -2.805643385819533364e+01 3.090318720026334898e+00 3.637067911329536400e+02 9.001849651190157431e+01 3.541688366315997314e+02 4.217234288256652690e+03 1.344095472390526538e+03 -8.940000000000000568e+01 3.082733424411085434e+05 1.338599647101533037e+03 4.403689198305098671e+02
3.000000000000000000e+00 1.221499513589597541e+02 -2.805306549611253075e+01 4.152845437636244696e+00 3.622790638213463126e+02 9.006202954901364421e+01 3.525591945736474599e+02 4.149930776443189643e+03 1.037139857092264265e+03 -8.940000000000000568e+01 5.169331587981352583e+06 1.031308592729625161e+03 5.045007130934953921e+02
4.000000000000000000e+00 1.221179851929230011e+02 -2.805135819527444951e+01 3.354087523961884809e+00 3.663910271613949590e+02 8.897481976850662022e+01 3.536173154090168396e+02 4.121263985082610816e+03 1.584665832417025968e+03 -8.940000000000000568e+01 1.723725141878477298e+05 1.578345164283976601e+03 5.391121554911419480e+02
5.000000000000000000e+00 1.221793000244937133e+02 -2.804860306140523463e+01 3.558564889903777395e+00 3.604598273959965695e+02 9.111634996636246342e+01 3.371435763943447910e+02 4.060802379431682766e+03 5.351766605702409834e+02 -8.940000000000000568e+01 2.746747568970872089e+05 5.283301223029983475e+02 5.890740878206904654e+02
6.000000000000000000e+00 1.221231433768545003e+02 -2.803923849058367068e+01 4.253719490997301733e+00 3.635502881911124859e+02 8.912779015228309731e+01 3.537432537643109072e+02 3.886659049239963679e+03 1.497233887796676299e+03 -8.940000000000000568e+01 2.996007254519907292e+06 1.488632228090572426e+03 7.729682488157665148e+02
7.000000000000000000e+00 1.221547295458975384e+02 -2.804021784405135875e+01 4.256620611287345923e+00 3.625968415246672407e+02 9.105117410665226885e+01 3.391986865338568577e+02 3.901320654775994171e+03 9.562417954960237694e+02 -8.940000000000000568e+01 1.556941444109722041e+06 9.479541990728833980e+02 7.524147839797515189e+02
8.000000000000000000e+00 1.221248207328131485e+02 -2.803505071223607104e+01 4.316289974642899985e+00 3.625772930807236776e+02 8.897855969286969469e+01 3.549143184698075402e+02 3.805316418131923911e+03 1.468484230145571019e+03 -8.940000000000000568e+01 1.755145070717352442e+06 1.459426121358795172e+03 8.537778585538430889e+02
9.000000000000000000e+00 1.221600479238167480e+02 -2.801373021980920441e+01 4.424826316748137423e+00 3.630536497019167541e+02 9.094689489175500796e+01 3.347949499020414237e+02 3.389853725278432648e+03 8.671834682646268675e+02 -8.940000000000000568e+01 2.559674517232019827e+07 8.536670393231516982e+02 1.263769586869742625e+03
1.000000000000000000e+01 1.221144766447477252e+02 -2.801328056063483629e+01 3.927404707238735693e+00 3.620552870331709983e+02 8.909303243290897001e+01 3.566316672829745471e+02 3.385973976088687323e+03 1.648094292363021623e+03 -8.940000000000000568e+01 1.773954047421708237e+06 1.634039615476209974e+03 1.274807524603728325e+03
1.100000000000000000e+01 1.221602535180652893e+02 -2.801369077259194995e+01 4.426513466665850771e+00 3.631083347957965088e+02 9.083264012453125247e+01 3.365826363482424313e+02 3.388358710002079533e+03 8.642583581827361741e+02 -8.940000000000000568e+01 2.561326869789545238e+07 8.501413711867916163e+02 1.264520292176760677e+03
1.200000000000000000e+01 1.221368089089187379e+02 -2.801179567652217273e+01 3.024586380919753292e+00 3.643907163530322464e+02 8.901311168208404467e+01 3.586000988952438320e+02 3.354760832968614523e+03 1.265267033171561707e+03 -8.940000000000000568e+01 2.359826636260142550e+05 1.251413459604377294e+03 1.302373663756678752e+03
1.300000000000000000e+01 1.221440780306852361e+02 -2.801232424813975541e+01 3.299239019164799114e+00 3.649999768608948330e+02 8.988591278517856153e+01 3.376994647099429585e+02 3.364016381403911964e+03 1.140645233509888612e+03 -8.940000000000000568e+01 6.357457986203068867e+04 1.126988201874694823e+03 1.291785137816336601e+03
1.400000000000000000e+01 1.221180627164123820e+02 -2.801114460507671566e+01 3.433557189566313284e+00 3.624573074422156083e+02 9.031088174906587085e+01 3.508668372967837854e+02 3.345065695783519914e+03 1.586075835103207737e+03 -8.940000000000000568e+01 3.321774287720452994e+05 1.572379969983977617e+03 1.315891927155203575e+03
1.500000000000000000e+01 1.221737153989693070e+02 -2.800795493323571250e+01 3.514044149560900721e+00 3.600978380856051899e+02 8.967504835587990897e+01 3.577186619765671480e+02 3.275946807138902386e+03 6.340187944354125875e+02 -8.940000000000000568e+01 7.957485140433972701e+05 6.188913900384338831e+02 1.374564593038722251e+03
1.600000000000000000e+01 1.221596524284551322e+02 -2.800513912671576833e+01 3.224759803872264463e+00 4.180588568448822002e+02 9.081586325339137034e+01 3.476294532693930819e+02 3.223679030394083838e+03 8.747157921960537124e+02 -8.940000000000000568e+01 2.324499300989150070e+05 8.593926647374191816e+02 1.429739412767619115e+03
1.700000000000000000e+01 1.221319584668799081e+02 -2.800350511814003340e+01 3.309105191435260718e+00 3.648227493538687440e+02 8.919385243259877427e+01 3.589758760119152043e+02 3.195363879032431214e+03 1.349263464340951714e+03 -8.940000000000000568e+01 6.019199681846154854e+05 1.333506120364774233e+03 1.462765506348234794e+03
1.800000000000000000e+01 1.221665382400345550e+02 -2.800007298745845219e+01 4.340479288387219192e+00 3.654022117457250829e+02 9.002982525548574699e+01 3.404407619794950506e+02 3.124499591817392229e+03 7.574603558067592530e+02 -8.940000000000000568e+01 4.602381372750420123e+05 7.408389361242785753e+02 1.527217955037253432e+03
1.900000000000000000e+01 1.221728988889970964e+02 -2.799971043664264769e+01 3.552722045547676899e+00 3.908810128094892775e+02 8.946921093810389891e+01 3.531989764485952605e+02 3.115901755391008010e+03 6.487458619365841059e+02 -8.940000000000000568e+01 3.334893713832045905e+05 6.318526946190798981e+02 1.533863736389706219e+03
2.000000000000000000e+01 1.221593309429700014e+02 -2.799949888081639315e+01 3.332924805813151981e+00 3.934689275730008262e+02 8.952225800431691027e+01 3.528695883599481249e+02 3.113520883970703835e+03 8.803030093490018544e+02 -8.940000000000000568e+01 3.458145094091463834e+05 8.642113123764934244e+02 1.538705638711221582e+03
2.100000000000000000e+01 1.221583996130590037e+02 -2.799982913118403971e+01 3.829733635543179915e+00 3.648783777768012442e+02 9.004518204684175942e+01 3.452764235660691270e+02 3.120699352721744617e+03 8.968608224734906571e+02 -8.940000000000000568e+01 4.000523011989044026e+05 8.802028763392469273e+02 1.532377338813653751e+03
2.200000000000000000e+01 1.221282836817379689e+02 -2.799722534612800118e+01 4.099886908985401313e+00 3.632150813707146426e+02 9.000814607824950997e+01 3.531426532879224283e+02 3.074086353103127749e+03 1.412603532243064365e+03 -8.940000000000000568e+01 3.306317191803091671e+06 1.395709729445053881e+03 1.584253902155438482e+03
2.300000000000000000e+01 1.221199752451892238e+02 -2.799599989417172097e+01 3.918845358919786026e+00 3.618389421903320340e+02 9.002277105400395385e+01 3.527033779702786660e+02 3.051671968086589004e+03 1.555210613368799386e+03 -8.940000000000000568e+01 1.235842172824433073e+06 1.537875032433535807e+03 1.608339076994290053e+03
2.400000000000000000e+01 1.221199972438856918e+02 -2.799598165771774205e+01 3.903383269903613062e+00 3.619272286536882461e+02 9.000927020627101172e+01 3.529424644174240484e+02 3.051049115541738956e+03 1.554842197672061275e+03 -8.940000000000000568e+01 1.230147115525251720e+06 1.537496124968291724e+03 1.608690255794237146e+03
2.500000000000000000e+01 1.221395741854993560e+02 -2.799420450106300962e+01 3.667052607444339696e+00 3.640687153471689612e+02 9.021408868908974910e+01 3.527773567916978550e+02 3.014589636303346651e+03 1.219816010906375595e+03 -8.940000000000000568e+01 4.845691222299630754e+05 1.201967597209011728e+03 1.642027605616250639e+03
2.600000000000000000e+01 1.221770422636088682e+02 -2.799290885040605659e+01 3.423610139139147357e+00 3.569322821813377118e+02 8.963505282962171350e+01 3.561924277118679356e+02 2.984937249180775325e+03 5.776866806905429712e+02 -8.940000000000000568e+01 4.154109702321733348e+05 5.600394897196927104e+02 1.665008997125139331e+03
2.700000000000000000e+01 1.221729510675107804e+02 -2.799104995247173377e+01 3.122361040201397042e+00 3.648482178974970793e+02 9.049504944679421214e+01 3.452848378542041701e+02 2.949425471011691570e+03 6.486504622667451940e+02 -8.940000000000000568e+01 2.582732550940741785e+05 6.298850084785922263e+02 1.701148843333863852e+03
2.800000000000000000e+01 1.221745672367711819e+02 -2.798724785356107958e+01 3.438049318129979603e+00 3.595408412153502695e+02 8.955474550910169285e+01 3.606411258336288483e+02 2.875732230219508438e+03 6.203041510759402399e+02 -8.940000000000000568e+01 6.153129577667354606e+05 6.017294979516897229e+02 1.774499333287721811e+03
2.900000000000000000e+01 1.221262968646791052e+02 -2.798675629039237478e+01 3.305268572195092958e+00 3.648701978067266509e+02 9.045614475547036193e+01 3.458201578311559956e+02 2.872451517350535596e+03 1.447910545801697481e+03 -8.940000000000000568e+01 3.619735635303277522e+05 1.428518861661937308e+03 1.786577640243907808e+03
3.000000000000000000e+01 1.221494512317851360e+02 -2.798524635578730013e+01 2.922332029342689985e+00 3.578235877241431240e+02 8.954329952012433580e+01 3.600880374668262220e+02 2.839760555479665072e+03 1.051053739945961297e+03 -8.940000000000000568e+01 2.956268022282356396e+05 1.031711870026776296e+03 1.814545490226933907e+03
3.100000000000000000e+01 1.221661787596483038e+02 -2.798317568671661348e+01 4.108368201843480172e+00 3.607094913622609624e+02 9.062838885274028655e+01 3.456211390497385310e+02 2.798466853330874528e+03 7.652240990492510946e+02 -8.940000000000000568e+01 7.950557900055102073e+05 7.449185263296853918e+02 1.853630566047969069e+03
3.200000000000000000e+01 1.221405334178063669e+02 -2.798177545465566851e+01 3.393714509320309158e+00 3.648367020665151017e+02 8.940663490376181244e+01 3.620386266678460174e+02 2.774612325979095203e+03 1.204159448264691946e+03 -8.940000000000000568e+01 8.849895649634962901e+05 1.184059806834480469e+03 1.882060933063968150e+03
3.300000000000000000e+01 1.221293027769871742e+02 -2.797702597120298407e+01 4.022129089331586194e+00 3.625303409935905279e+02 9.062579717302553206e+01 3.434708503694316164e+02 2.684664277540127841e+03 1.396861396035455300e+03 -8.940000000000000568e+01 1.448185312495339662e+06 1.375889095461087663e+03 1.974380241405845709e+03
