# id ra dec s L A b x y a flux x_0 y_0
0.000000000000000000e+00 1.066283058063281430e+02 4.869186393874703356e+01 2.558430735855232729e+00 6.229632641362574077e+02 8.995729770683804816e+01 7.913539242029283116e+01 4.137633371455056476e+03 1.560889663937045952e+03 -7.809999999999999432e+01 1.021854647044314421e+06 1.443304687194214466e+03 7.197271893887433407e+02
1.000000000000000000e+00 1.066750334001992400e+02 4.869249245246695068e+01 3.609899924411659633e+00 6.217673440586947891e+02 9.000979570085580406e+01 7.905974843711591404e+01 4.008706644051148942e+03 9.750188492815319705e+02 -7.809999999999999432e+01 7.758479133807460312e+05 8.427982935918568046e+02 7.245527605605387862e+02
2.000000000000000000e+00 1.066294366154298103e+02 4.870169599288611550e+01 6.484204253130199547e+00 6.364486503289649590e+02 8.993580320257078142e+01 7.915803041013194274e+01 3.947175153996095560e+03 1.582585241450105968e+03 -7.809999999999999432e+01 1.012069342504966073e+06 1.425244403143609588e+03 9.103488964555731400e+02
3.000000000000000000e+00 1.066703403545502766e+02 4.871325130567138473e+01 7.598598238506027336e+00 6.601923407013534870e+02 9.001353290991590939e+01 7.900444393002990751e+01 3.625023823572035781e+03 1.109736642398019967e+03 -7.809999999999999432e+01 1.281041740466423798e+06 8.958443275086503945e+02 1.128131355111724361e+03
4.000000000000000000e+00 1.066498458669638438e+02 4.871600128520212536e+01 6.804463660415681403e+00 6.503123456656720691e+02 8.996541354378788924e+01 7.919321210584303117e+01 3.624243011477912660e+03 1.378214481810034613e+03 -7.809999999999999432e+01 1.186116101122790482e+06 1.158041608984831782e+03 1.184701971715134050e+03
5.000000000000000000e+00 1.066265931188990663e+02 4.872524967818050357e+01 3.316490883694930503e+00 6.252164968664569642e+02 8.995135821597035886e+01 7.906622225647834057e+01 3.505103825056675760e+03 1.704258044133611520e+03 -7.809999999999999432e+01 8.824510575369258877e+05 1.453284724891541828e+03 1.367899150986326276e+03
6.000000000000000000e+00 1.066773466049137937e+02 4.872482471343369781e+01 1.808888923376696933e+00 6.192423031606990662e+02 8.996744007055377779e+01 7.883720621013566188e+01 3.387211424617322791e+03 1.063693145401049378e+03 -7.809999999999999432e+01 3.661881685796590522e+06 8.018593398904483820e+02 1.351650353996188414e+03
7.000000000000000000e+00 1.066865314608124180e+02 4.873867751291184192e+01 1.849705573755130228e+00 6.191468364709691059e+02 8.993779244748273527e+01 7.895715096621918860e+01 3.099857104135023292e+03 9.993110096910934317e+02 -7.809999999999999432e+01 2.467779296811329201e+06 6.791672467610167132e+02 1.619081043060165939e+03
8.000000000000000000e+00 1.066818039170492227e+02 4.873835481929366154e+01 4.464782025381071051e+00 6.254429869193181730e+02 8.995061051999761048e+01 7.899344112255761274e+01 3.118121391244691949e+03 1.057621579370319751e+03 -7.809999999999999432e+01 1.125523392923980718e+06 7.399549321157118129e+02 1.613538426459535913e+03
9.000000000000000000e+00 1.066773454355573278e+02 4.872482479629015728e+01 1.809005446340110845e+00 6.192421349689811905e+02 8.996818456026356614e+01 7.883720691910725975e+01 3.387205555234957046e+03 1.063681441091304578e+03 -7.809999999999999432e+01 3.662144180521842092e+06 8.018743234719391921e+02 1.351652141316351162e+03
1.000000000000000000e+01 1.066917196284993850e+02 4.874633736239832871e+01 4.539369774623421172e+00 6.262104150980530903e+02 8.993535615814217010e+01 7.907525085213498528e+01 2.940329301166907044e+03 9.617925337688689069e+02 -7.809999999999999432e+01 8.734617839798622299e+05 6.099487043942474429e+02 1.766945317458354566e+03
1.100000000000000000e+01 1.066594013734459025e+02 4.874128933333133062e+01 4.757320704805476197e+00 6.311005915584767081e+02 8.998261742368499938e+01 7.901428500388546183e+01 3.117951657786073156e+03 1.350124571289660253e+03 -7.809999999999999432e+01 9.690714711434252094e+05 1.026451751665854772e+03 1.673947984283975984e+03
1.200000000000000000e+01 1.066422035772102106e+02 4.875533607596231178e+01 7.508121753908481466e+00 6.495714642211486307e+02 8.991019757700890125e+01 7.913369792046492535e+01 2.893273816264880679e+03 1.617568615507236473e+03 -7.809999999999999432e+01 1.186500440812909510e+06 1.242164297872944189e+03 1.949257306832340419e+03
1.300000000000000000e+01 1.066330921707989461e+02 4.875952851298951884e+01 3.122892880443343344e+00 6.154996116769573291e+02 8.998022367779225306e+01 7.894716182489599987e+01 2.836326016085437459e+03 1.748318623812564283e+03 -7.809999999999999432e+01 8.538188059938316001e+05 1.357563496376897092e+03 2.032074790647659256e+03
1.400000000000000000e+01 1.066331431372289273e+02 4.876089654667883622e+01 1.872062710080139469e+00 6.202323804139097092e+02 8.989299874697402970e+01 7.898495588417675606e+01 2.808925318539245382e+03 1.752364880536249984e+03 -7.809999999999999432e+01 2.431900578662883025e+06 1.356419312162820006e+03 2.058614988039411855e+03
1.500000000000000000e+01 1.066464074866312330e+02 4.879098600430748434e+01 1.724417424219727879e+00 6.194924981590365860e+02 8.999442067859881433e+01 7.816359725034099881e+01 2.202526442958396728e+03 1.695415833637385276e+03 -7.809999999999999432e+01 1.056056308043646440e+07 1.175570492975363550e+03 2.640420368523731213e+03
1.600000000000000000e+01 1.066469136578406705e+02 4.879107110856973151e+01 1.750375098745966973e+00 6.195604148699970892e+02 8.984626369404580259e+01 7.847243043807465313e+01 2.200566830106643465e+03 1.689670606881153390e+03 -7.809999999999999432e+01 1.076964639323634468e+07 1.169050587957302696e+03 2.641991713960872403e+03
1.700000000000000000e+01 1.066838258289939887e+02 4.879197941112478532e+01 1.217282498167706528e+01 6.558180684129680458e+02 8.994804843209675482e+01 7.890839981959078386e+01 2.090083375667023574e+03 1.227866524707809504e+03 -7.809999999999999432e+01 1.738666804067047313e+06 6.954801953059838979e+02 2.653885450609942382e+03
1.800000000000000000e+01 1.066382206241732007e+02 4.882260936006836971e+01 1.744934586302894219e+00 6.192220185393317706e+02 8.984788817863450561e+01 7.804504272323258363e+01 1.620619395735877788e+03 1.914144072953455634e+03 -7.809999999999999432e+01 1.591619288213915005e+07 1.269242358485358636e+03 3.255412276276046668e+03
1.900000000000000000e+01 1.066378048646317183e+02 4.882257645227320353e+01 1.738849358660662592e+00 6.192146518849989434e+02 8.994804061121058680e+01 7.783277296005545054e+01 1.622320920037360793e+03 1.919161979938576678e+03 -7.809999999999999432e+01 1.584389616917718761e+07 1.274581265139896004e+03 3.254840126586072529e+03
2.000000000000000000e+01 1.066348098596813259e+02 4.884927423628679577e+01 3.393437050109770592e+00 6.189560370019630682e+02 8.982382451934779510e+01 7.902700147422099519e+01 1.119909935857478331e+03 2.053551178682638692e+03 -7.809999999999999432e+01 8.808540701884222217e+05 1.303398975443350992e+03 3.773421024431039768e+03
