# id ra dec s L A b x y a flux x_0 y_0
0.000000000000000000e+00 8.913568589805706210e+01 7.014466114710637079e+00 1.699433192019192074e+00 1.710913317796363344e+02 9.140861528843831252e+01 1.688317561968877101e+02 4.118910504793566361e+03 4.411723666875064964e+02 -6.890000000000000568e+01 3.736580082234411500e+06 3.339410501011788028e+02 3.578753344207091232e+02
1.000000000000000000e+00 8.910425813856242883e+01 7.013176656070275072e+00 4.751819908530082515e+00 1.715610214278365788e+02 9.001151048211843886e+01 1.735557156659314444e+02 4.359009144511444902e+03 9.929513690015904785e+02 -6.890000000000000568e+01 5.550252118932711892e+05 9.345669434172784804e+02 3.335791203111854202e+02
2.000000000000000000e+00 8.906014276575658073e+01 7.015058476007954624e+00 2.566791715824338738e+00 1.741960132871039946e+02 9.151488191625976754e+01 1.689823122681027314e+02 4.627457586458047444e+03 1.791995830560413879e+03 -6.890000000000000568e+01 9.394057163554764120e+05 1.777607114212037459e+03 3.706282754223706206e+02
3.000000000000000000e+00 8.907303134509876941e+01 7.016266059104579789e+00 1.194289340298977287e+01 2.149407260288576538e+02 9.021763651290227415e+01 1.738624548034280508e+02 4.517687852060231307e+03 1.571023669978752650e+03 -6.890000000000000568e+01 1.907371106267942581e+06 1.531271768299635369e+03 3.936339376117645088e+02
4.000000000000000000e+00 8.907380327574853141e+01 7.017345118741197929e+00 8.766631353021596240e+00 1.921464517534033689e+02 9.076864824464236392e+01 1.696397903110690208e+02 4.492709835094347000e+03 1.564754451690431779e+03 -6.890000000000000568e+01 1.276596863743767375e+06 1.516497785291782066e+03 4.143966281188944549e+02
5.000000000000000000e+00 8.909662059140366352e+01 7.020636295378166913e+00 1.998136040238016609e+00 1.727617547441177521e+02 9.071069521950181525e+01 1.713876443388718656e+02 4.275936379074207252e+03 1.180185195597454140e+03 -6.890000000000000568e+01 1.297299689730175771e+06 1.080382152101094562e+03 4.773489685966520142e+02
6.000000000000000000e+00 8.906588172314964424e+01 7.022923402511990432e+00 7.236341210412400748e+00 1.906308810493108865e+02 9.063274705892008853e+01 1.711963814008342979e+02 4.447013744586578468e+03 1.743983233470798496e+03 -6.890000000000000568e+01 1.190667791112324456e+06 1.667769025870268706e+03 5.219565332086611988e+02
7.000000000000000000e+00 8.910283398594869197e+01 7.020132755977075867e+00 9.675904380167636987e+00 1.951604131544428355e+02 8.966371507320113210e+01 1.709637905787717784e+02 4.243145512256425718e+03 1.065677942022758089e+03 -6.890000000000000568e+01 1.446038997555386275e+06 9.616514492227555593e+02 4.675429658881479895e+02
8.000000000000000000e+00 8.907684168143029524e+01 7.026584696923932505e+00 5.392129429803805607e+00 1.824686319579342921e+02 9.182967963118213106e+01 1.679530383365290334e+02 4.305799760913001592e+03 1.573995505523844713e+03 -6.890000000000000568e+01 1.004731946978908265e+06 1.458246035524973195e+03 5.922468176085808409e+02
9.000000000000000000e+00 8.912936834372538897e+01 7.027638018871016357e+00 9.005951545660323632e+00 1.889313810494948598e+02 9.002025625720824564e+01 1.749749664663630142e+02 3.924985708360412900e+03 6.449866037326748938e+02 -6.890000000000000568e+01 1.162842132283461746e+06 4.544379093832068293e+02 6.116011899023332035e+02
1.000000000000000000e+01 8.909670976328308711e+01 7.028598007201920517e+00 7.911826945573443126e+00 1.955242907447225207e+02 9.139703057991567903e+01 1.690328277254265856e+02 4.131859277763097452e+03 1.233406279259378607e+03 -6.890000000000000568e+01 1.347859561319089029e+06 1.078524806401815795e+03 6.306488458240437467e+02
1.100000000000000000e+01 8.910796912082400922e+01 7.032223722612501504e+00 4.078968842766503400e+00 1.682754271435758255e+02 9.008377397632681038e+01 1.735039818011508430e+02 3.989959125762567055e+03 1.057728214574374533e+03 -6.890000000000000568e+01 4.986441589704267681e+05 8.632904179376455431e+02 7.002620627346050242e+02
1.200000000000000000e+01 8.905743512167416043e+01 7.035072987845590653e+00 1.085148860278007987e+01 2.139342754237431734e+02 9.124548655674718134e+01 1.692237910386669171e+02 4.286208537660273578e+03 1.979408735329954197e+03 -6.890000000000000568e+01 1.808161627886818722e+06 1.828932744134039012e+03 7.560590643726901590e+02
1.300000000000000000e+01 8.911809721027792364e+01 7.037145198061391937e+00 4.025271017907370741e+00 1.668811220999765510e+02 8.998851639633254251e+01 1.729780577009474030e+02 3.832111483867150127e+03 9.109095772006523930e+02 -6.890000000000000568e+01 5.670915115769897820e+05 6.696545935156732412e+02 7.948489581866896287e+02
1.400000000000000000e+01 8.911673227334583203e+01 7.048070561474132134e+00 1.768191012357994252e+00 1.714618105058174251e+02 9.137491449828016243e+01 1.688377928787569715e+02 3.644804812467566080e+03 1.011014397370667439e+03 -6.890000000000000568e+01 2.715842146669760812e+06 6.955372518285494152e+02 1.005236790402485440e+03
1.500000000000000000e+01 8.913825624281885496e+01 7.038561273806885232e+00 6.859352550419703931e+00 1.864799125532717028e+02 9.121148577813276859e+01 1.693894744412341140e+02 3.668047789853034374e+03 5.613442496961376946e+02 -6.890000000000000568e+01 1.218027743527448270e+06 2.844007172616836669e+02 8.217793582388803770e+02
1.600000000000000000e+01 8.908101463642921658e+01 7.039529086503800492e+00 5.235444343341041140e+00 1.752975979565030400e+02 9.014596650286124202e+01 1.728783893312022144e+02 4.044379010776267933e+03 1.588792365038304069e+03 -6.890000000000000568e+01 7.371201356823735405e+05 1.378241930863579000e+03 8.414110933192948778e+02
1.700000000000000000e+01 8.907176789290917895e+01 7.043728015052252545e+00 1.735152809926121531e+00 1.718388804309432771e+02 9.136697241934899694e+01 1.693180244317828169e+02 4.031388860367332654e+03 1.783325405761804632e+03 -6.890000000000000568e+01 3.032037189426209778e+06 1.554858636182399550e+03 9.224342561585979183e+02
1.800000000000000000e+01 8.913350363408139287e+01 7.046215395674522597e+00 6.454235196718108192e+00 1.756385716491327003e+02 9.021255727677092295e+01 1.733973292346559560e+02 3.563778336333799416e+03 6.993877129741721319e+02 -6.890000000000000568e+01 8.594198871335533913e+05 3.750853029948075346e+02 9.692344793466884312e+02
1.900000000000000000e+01 8.906183400449396004e+01 7.046014338544046574e+00 2.140471814137951512e+00 1.732321773847996269e+02 9.128942351045614600e+01 1.696045417589918998e+02 4.058727943293436965e+03 1.976381518935721942e+03 -6.890000000000000568e+01 1.215085309268448269e+06 1.744643026438130391e+03 9.666474995613541523e+02
2.000000000000000000e+01 8.907528968602382236e+01 7.046417731331571233e+00 2.166502748498276620e+00 1.732542300420592198e+02 9.022301578533073041e+01 1.730877816430009375e+02 3.958424617650918208e+03 1.738981676674901109e+03 -6.890000000000000568e+01 1.120155138437325601e+06 1.487504673140967498e+03 9.741575897132970567e+02
2.100000000000000000e+01 8.906005718414644434e+01 7.047862765365755955e+00 1.680097425406720468e+00 1.717848140703554520e+02 9.128643843445505013e+01 1.692531125863631871e+02 4.036998396211296949e+03 2.020413009321487380e+03 -6.890000000000000568e+01 8.698104056946227327e+06 1.778558550356498472e+03 1.002273121669874172e+03
2.200000000000000000e+01 8.907891008834347701e+01 7.047049474823362303e+00 1.147012648884711261e+01 1.986019191719761920e+02 9.031324490162607788e+01 1.730956729256290032e+02 3.922915641556474384e+03 1.678832164690598574e+03 -6.890000000000000568e+01 1.719754586929578800e+06 1.418308475486690440e+03 9.862537339724335652e+02
2.300000000000000000e+01 8.909479212735716658e+01 7.051070426263572166e+00 1.657565790300112418e+00 1.714547673986296275e+02 9.111932467515678979e+01 1.687901512570225862e+02 3.741863554123036920e+03 1.423241826048769099e+03 -6.890000000000000568e+01 2.260301238689796254e+07 1.114736495674458411e+03 1.063384318520901616e+03
2.400000000000000000e+01 8.906252752948094553e+01 7.061535550265972461e+00 1.131877051800347012e+01 2.048948435507386989e+02 9.095500588443570678e+01 1.708747480098422500e+02 3.775510077785983867e+03 2.070594066506768286e+03 -6.890000000000000568e+01 2.051716046218844596e+06 1.731068150712934312e+03 1.265491430719810978e+03
2.500000000000000000e+01 8.913413175276232892e+01 7.067011982569741058e+00 4.068527453898430402e+00 1.679202897597361357e+02 8.997345061478108619e+01 1.720451292956241218e+02 3.186000885885051503e+03 8.320493128565990446e+02 -6.890000000000000568e+01 5.026246954102463787e+05 3.627163932390409968e+02 1.369653654001551331e+03
