# id ra dec s L A b x y a flux x_0 y_0
0.000000000000000000e+00 1.068361694967997693e+02 4.843178594239402202e+01 1.992693825795914364e+00 6.214260839792289062e+02 9.018461996203943443e+01 7.400348137828441963e+01 4.087694505918017512e+03 1.095103642488010564e+03 -7.809999999999999432e+01 4.505050431809797883e+06 9.767755894752726817e+02 6.726036473677701224e+02
1.000000000000000000e+00 1.068341786004422147e+02 4.845674760153423222e+01 3.247579207934929268e+00 6.247544125140568667e+02 8.998587777066522619e+01 7.461994787553116737e+01 3.614995825943916770e+03 1.211047087802632859e+03 -7.809999999999999432e+01 1.013513453680329258e+06 9.931334042628748193e+02 1.158953364052301822e+03
2.000000000000000000e+00 1.068324215534652382e+02 4.846753688444933772e+01 1.877346484831116546e+00 6.204877361375408782e+02 9.017255775125686057e+01 7.386737510442657140e+01 3.412940934584261413e+03 1.272796707627506976e+03 -7.809999999999999432e+01 6.161937381720977835e+06 1.011802451048750299e+03 1.369297661696162777e+03
3.000000000000000000e+00 1.068549152081880464e+02 4.847177154827225820e+01 3.868765371378274587e+00 6.187305811245662426e+02 9.001199983771259383e+01 7.461814342195803818e+01 3.274563674226880721e+03 1.003059292561619259e+03 -7.809999999999999432e+01 8.620212521753276233e+05 7.190145984230694012e+02 1.448581611432925001e+03
4.000000000000000000e+00 1.068459186329883721e+02 4.847676673535023184e+01 6.338863627002600865e+00 6.307270856550318285e+02 9.007295708398008571e+01 7.428944719367389382e+01 3.202585983833661885e+03 1.135222044876785503e+03 -7.809999999999999432e+01 1.183375215951831546e+06 8.336042981620607861e+02 1.547109268901715950e+03
5.000000000000000000e+00 1.068388165934053973e+02 4.849343407632553493e+01 6.130202545927419422e+00 6.319187536526421809e+02 9.005745571181836340e+01 7.440965539246310811e+01 2.901172197425259128e+03 1.286587357448736611e+03 -7.809999999999999432e+01 1.052468932942097075e+06 9.192525105304744102e+02 1.872664492179697845e+03
6.000000000000000000e+00 1.068066085875926632e+02 4.849286313823536432e+01 6.716188361496459258e+00 6.481592960119470490e+02 9.004928092338312240e+01 7.436499981507324719e+01 2.993519957910419635e+03 1.692769334000167419e+03 -7.809999999999999432e+01 1.296015110330143943e+06 1.336231792477989984e+03 1.866205922100375574e+03
7.000000000000000000e+00 1.067756311642197886e+02 4.849870405043607491e+01 2.078295216109704135e+00 6.217048377859870243e+02 9.009838420119359625e+01 7.425456473252216938e+01 2.959894837607942009e+03 2.107083868506367253e+03 -7.809999999999999432e+01 2.074296581737671280e+06 1.734775364208855990e+03 1.984586920644363317e+03
8.000000000000000000e+00 1.067961022602001009e+02 4.850445490993497799e+01 8.490819851741980173e+00 6.957159838695694134e+02 8.989581132824196175e+01 7.443842712434167197e+01 2.798495474126563295e+03 1.867949970924644958e+03 -7.809999999999999432e+01 1.805313821430366952e+06 1.467686046144646753e+03 2.093480290135406904e+03
9.000000000000000000e+00 1.067851363145027506e+02 4.851242038615522745e+01 1.964994737864487417e+00 6.209644095939912631e+02 9.024207160634672675e+01 7.389686247782927353e+01 2.673130694972936453e+03 2.036893895076473427e+03 -7.809999999999999432e+01 2.744206846506932750e+06 1.606438518114544195e+03 2.250230155704050048e+03
1.000000000000000000e+01 1.068046372038553642e+02 4.851802033851313922e+01 2.195549147754220609e+00 6.211384202425446119e+02 8.988331850558996905e+01 7.468717419695833826e+01 2.517418580945428403e+03 1.808900914938410097e+03 -7.809999999999999432e+01 1.739272284637898207e+06 1.352041160931861214e+03 2.356361224531559856e+03
1.100000000000000000e+01 1.067741026193341725e+02 4.851732225458998471e+01 1.814918009296864643e+00 6.205656190728228694e+02 9.025710139540296950e+01 7.303786641306363947e+01 2.607361931169537002e+03 2.194021117098354807e+03 -7.809999999999999432e+01 1.515916651655854471e+07 1.747227372817534160e+03 2.347355431515841246e+03
1.200000000000000000e+01 1.068046807174726354e+02 4.851802612904226919e+01 2.195226112813934538e+00 6.211334241001565033e+02 8.986829555790984614e+01 7.471202913143238789e+01 2.517338329234440153e+03 1.808410033206556591e+03 -7.809999999999999432e+01 1.738649235104660038e+06 1.351476154593957290e+03 2.356467553179458264e+03
1.300000000000000000e+01 1.068183241529409884e+02 4.853059391170385339e+01 2.326640432989847795e+00 6.163831516239057464e+02 9.024936033560253179e+01 7.394164442050922048e+01 2.241517738323884259e+03 1.682027204088329199e+03 -7.809999999999999432e+01 1.334145380674701184e+06 1.170220123832035142e+03 2.599189561582224542e+03
1.400000000000000000e+01 1.068238137667009511e+02 4.853827021124104846e+01 2.350783956321793156e+00 6.207567294924680255e+02 8.986910223477745774e+01 7.473760226996463985e+01 2.082125792034888036e+03 1.639782005622090992e+03 -7.809999999999999432e+01 1.343267981892489363e+06 1.096317087108147916e+03 2.747867486264158742e+03
1.500000000000000000e+01 1.068182506604756838e+02 4.853060391154300390e+01 2.325851591825862652e+00 6.164302651466020961e+02 9.024857685607753410e+01 7.394166781870301008e+01 2.241515397598549043e+03 1.682056601411567499e+03 -7.809999999999999432e+01 1.334170655584076885e+06 1.171166566024358190e+03 2.599394960007452028e+03
1.600000000000000000e+01 1.068158902768465595e+02 4.854454853685849969e+01 6.699623439225471877e+00 6.370111179660050311e+02 9.030587491090686569e+01 7.392485623192092703e+01 1.981433436102184487e+03 1.763668108986660172e+03 -7.809999999999999432e+01 1.188504944355478045e+06 1.196350215549457971e+03 2.871268389002350432e+03
1.700000000000000000e+01 1.068020749726867535e+02 4.854664181508653797e+01 9.679315355181827840e+00 6.320303623574725407e+02 8.983213674097940782e+01 7.486981679489608155e+01 1.975855230325553975e+03 1.945561281609009711e+03 -7.809999999999999432e+01 1.847295188844389282e+06 1.374124896172263334e+03 2.914057842074242217e+03
1.800000000000000000e+01 1.067815242253611245e+02 4.855055587261459493e+01 1.828737871540983217e+00 5.702785454206938311e+02 9.027062340979219357e+01 7.340072652270588094e+01 1.953088127981845219e+03 2.220400691047050259e+03 -7.809999999999999432e+01 8.657281023319464177e+06 1.638229611965718277e+03 2.993350054211676252e+03
1.900000000000000000e+01 1.068557831406666025e+02 4.858634166642572438e+01 3.877075824370642465e+00 6.213896870792232221e+02 9.025653515223312695e+01 7.387973564653920278e+01 1.080539295584080719e+03 1.409748541367290272e+03 -7.809999999999999432e+01 1.045942586912739556e+06 6.651095594206533406e+02 3.679383596395362019e+03
2.000000000000000000e+01 1.068348543865024993e+02 4.859279050202069072e+01 1.869269654408135306e+00 6.184030266881220541e+02 8.980752095841177152e+01 7.462469479729435307e+01 1.011055442429038408e+03 1.698707720239667196e+03 -7.809999999999999432e+01 2.936416017656102777e+06 9.329847307607547009e+02 3.807898703250542439e+03
2.100000000000000000e+01 1.068326634549623293e+02 4.859276943129520987e+01 1.900463775566373137e+00 6.184864321225170443e+02 9.025653196216666174e+01 7.372077660878909455e+01 1.016639239265630408e+03 1.726264426250141923e+03 -7.809999999999999432e+01 2.997088592776366509e+06 9.612866612804999704e+02 3.807800906787155782e+03
2.200000000000000000e+01 1.068348543795461438e+02 4.859279050199323535e+01 1.869102348534827263e+00 6.184031455376192525e+02 8.980752238672640431e+01 7.462471025112486700e+01 1.011055426825849509e+03 1.698707851862746338e+03 -7.809999999999999432e+01 2.936415902834142093e+06 9.329848206064054921e+02 3.807898703706749984e+03
