# id ra dec s L A b x y a flux x_0 y_0
0.000000000000000000e+00 1.170117522931641219e+02 -2.067478550087086475e+01 1.912747195283402313e+00 3.801491442743430866e+02 9.017584323121896261e+01 1.519651497594834098e+02 1.027213998510009333e+03 8.087601092179140778e+02 6.540000000000000568e+01 4.062656692159077153e+06 1.438198892265600080e+03 4.706128985353750522e+02
1.000000000000000000e+00 1.170119425580912349e+02 -2.067538325836819268e+01 1.907906895872276465e+00 3.800999524859579992e+02 8.956371048218778697e+01 1.505489476668298607e+02 1.039108349276685885e+03 8.105484171786450815e+02 6.540000000000000568e+01 4.050403940078846179e+06 1.441616361287276959e+03 4.821252246190655342e+02
2.000000000000000000e+00 1.170152052223750871e+02 -2.068326068144227392e+01 1.969584168581850925e+00 3.801982001441307943e+02 9.016447114564307697e+01 1.519572008436774411e+02 1.201151601363382724e+03 8.208051984952554676e+02 6.540000000000000568e+01 4.247432151358833537e+06 1.500255190388974825e+03 6.338499505677078787e+02
3.000000000000000000e+00 1.170002568116799040e+02 -2.067676193091643100e+01 4.750715722630486582e+00 3.701084418160062910e+02 8.963343411723640486e+01 1.507278484309222222e+02 9.749633296274206486e+02 1.013421117804494543e+03 6.540000000000000568e+01 1.548399043654229958e+06 1.231091778168987275e+03 5.085006478116116568e+02
4.000000000000000000e+00 1.170090658946017186e+02 -2.067966809256701310e+01 3.874752066344908652e+00 3.699997250970190521e+02 9.034330851846976884e+01 1.531934666377497365e+02 1.092513817189862266e+03 8.909248315266680720e+02 6.540000000000000568e+01 1.080521054270228604e+06 1.389727326495724810e+03 5.645836302556572264e+02
5.000000000000000000e+00 1.169766520130307725e+02 -2.067353728525948142e+01 6.617596209082831749e+00 3.702185433906860794e+02 8.967496739268894146e+01 1.503331968722334864e+02 7.417189495383400981e+02 1.372764254252602541e+03 6.540000000000000568e+01 2.038193413498675451e+06 8.059259026915424329e+02 4.461150258601240353e+02
6.000000000000000000e+00 1.169709175804212293e+02 -2.066831308684493251e+01 1.902761031919092183e+00 3.795817464899099036e+02 9.004363575410418719e+01 1.516128951639363436e+02 6.071929085305030185e+02 1.425087655481919455e+03 6.540000000000000568e+01 6.440761217857695185e+06 7.026871385095419100e+02 3.454635744322039272e+02
7.000000000000000000e+00 1.169652219814916663e+02 -2.067295267640386669e+01 1.815728666023418425e+00 3.793532489220399384e+02 8.967774855284423552e+01 1.507516962625341250e+02 6.457802629532429819e+02 1.555677047706175927e+03 6.540000000000000568e+01 6.188186265042844228e+06 6.000328661257658496e+02 4.347370964547948233e+02
8.000000000000000000e+00 1.170048869073787330e+02 -2.066906280560762710e+01 1.907727815603808885e+00 3.803064534712504496e+02 9.006196871479410504e+01 1.516766533721906853e+02 8.758308684360113148e+02 8.750109318401597420e+02 6.540000000000000568e+01 4.282688020310902968e+06 1.314617412747886419e+03 3.603244264792859326e+02
9.000000000000000000e+00 1.170095212031886120e+02 -2.068280717903590826e+01 5.903028197352888640e+00 3.701947390652209151e+02 8.948057974805448112e+01 1.509638851163021798e+02 1.150816314462290165e+03 9.088733095213387969e+02 6.540000000000000568e+01 1.624061347067102324e+06 1.397877698628843973e+03 6.250313986696751272e+02
1.000000000000000000e+01 1.169558778886842703e+02 -2.068096450002015629e+01 5.925751397105996077e+00 3.704212997763922885e+02 9.034012822975164170e+01 1.522936301205135692e+02 7.157379178927797057e+02 1.772358944668881804e+03 6.540000000000000568e+01 1.981044041680258233e+06 4.316302059334263390e+02 5.889106269106453055e+02
1.100000000000000000e+01 1.169651439335792560e+02 -2.067290422209693901e+01 1.844960259895046084e+00 3.794878869380921742e+02 8.990141158360482621e+01 1.512640033745501285e+02 6.443420658166628527e+02 1.556607539754936624e+03 6.540000000000000568e+01 6.312903855036136694e+06 5.986274431991914753e+02 4.338033595141935166e+02
1.200000000000000000e+01 1.170124693205753488e+02 -2.068028581076855943e+01 7.221707000022073331e+00 3.701017100551451904e+02 8.977570031453137744e+01 1.544113034659099526e+02 1.128994894670415306e+03 8.410198405360891911e+02 6.540000000000000568e+01 2.036598346168166492e+06 1.451023611880856834e+03 5.765286690042614737e+02
1.300000000000000000e+01 1.169805994625776293e+02 -2.068643040578960779e+01 5.926174246562560199e+00 3.701139231642524123e+02 8.995432506336473466e+01 1.516486625540514979e+02 9.972875702506738662e+02 1.411776923159060289e+03 6.540000000000000568e+01 1.550566140393753536e+06 8.768698510500751127e+02 6.944086030326147920e+02
1.400000000000000000e+01 1.169684643154070756e+02 -2.067686712216810818e+01 4.402672697833642346e+00 3.701446265171461505e+02 9.001254904025360304e+01 1.512012702602056322e+02 7.380151684394890026e+02 1.533510198042127058e+03 6.540000000000000568e+01 1.486388933621003758e+06 6.583958137510442157e+02 5.101401926465597398e+02
1.500000000000000000e+01 1.169710645583027997e+02 -2.066841733787866531e+01 1.855507122054345093e+00 3.794350531556432884e+02 8.970659838976084188e+01 1.508240520601908088e+02 6.101224851849375455e+02 1.423645055449789425e+03 6.540000000000000568e+01 6.252246082084927708e+06 7.053336623785083930e+02 3.474724279836650567e+02
1.600000000000000000e+01 1.169902785620383838e+02 -2.071740444898602718e+01 1.757720546063964884e+00 3.783593736586604450e+02 8.997814466374420306e+01 1.490679699727213574e+02 1.611847492980148672e+03 1.502645427821001249e+03 6.540000000000000568e+01 5.592899273662411422e+07 1.050780338314845267e+03 1.290907707384893456e+03
1.700000000000000000e+01 1.169891968879400395e+02 -2.069190584024080337e+01 2.388275358306567231e+00 3.805931960759546087e+02 8.973683523393343364e+01 1.511314046404115743e+02 1.157043039769917868e+03 1.314620292139230060e+03 6.540000000000000568e+01 1.846481523110646755e+06 1.031653873295138283e+03 7.999389764874421189e+02
1.800000000000000000e+01 1.169817716746643299e+02 -2.071391801563374102e+01 1.833178004301005304e+00 3.786306463743283075e+02 8.994884066638641684e+01 1.513309135398697265e+02 1.486393415968312411e+03 1.613187139150994881e+03 6.540000000000000568e+01 8.962832777732951567e+06 8.976283870675479193e+02 1.223674504802255569e+03
1.900000000000000000e+01 1.170085987431096441e+02 -2.071531917832250258e+01 2.270785627678469254e+00 3.816689149896118352e+02 8.974875569769754691e+01 1.510934601259636452e+02 1.712414555842468872e+03 1.185432596258510330e+03 6.540000000000000568e+01 3.488707323428374715e+06 1.380735054803662706e+03 1.251011034294472211e+03
2.000000000000000000e+01 1.170100452682977874e+02 -2.069369672954252337e+01 2.942226968522454023e+00 3.822689523953251864e+02 8.971127660879284349e+01 1.510700104898516827e+02 1.344991801812508811e+03 9.885126248090282388e+02 6.540000000000000568e+01 1.468900592962529277e+06 1.407139315613294002e+03 8.347097370353569659e+02
2.100000000000000000e+01 1.169538824284925767e+02 -2.068923605389083065e+01 5.283329349221048687e+00 3.701082529462084949e+02 9.007962449653336989e+01 1.517726361543260509e+02 8.455245663881904647e+02 1.871376118802944802e+03 6.540000000000000568e+01 1.330604880428422242e+06 3.956069308355488943e+02 7.481557089471525614e+02
2.200000000000000000e+01 1.169690462533379360e+02 -2.068554286212064852e+01 1.818896214494355013e+00 3.792233823734740099e+02 8.962962722899358425e+01 1.506601513014394413e+02 8.948488069229132407e+02 1.595083852419850700e+03 6.540000000000000568e+01 6.431860710065436549e+06 6.687796518194361397e+02 6.771915640998147410e+02
2.300000000000000000e+01 1.170278678027763846e+02 -2.069478119009653483e+01 1.149398243057224356e+01 3.701835358880834406e+02 8.987849835085624761e+01 1.519466778913415510e+02 1.498011203045170760e+03 7.052073017435662905e+02 6.540000000000000568e+01 2.733348613654593006e+06 1.728129891867077276e+03 8.558751653055405768e+02
2.400000000000000000e+01 1.170032002668276192e+02 -2.069548371969569800e+01 5.295014728560077266e+00 3.701026186767248305e+02 9.003043567526664503e+01 1.513999283035924464e+02 1.325511344191361559e+03 1.115256151503577485e+03 6.540000000000000568e+01 1.611015925242139492e+06 1.283822868433109761e+03 8.690168280204105713e+02
2.500000000000000000e+01 1.169616506722908298e+02 -2.067982119016890152e+01 4.897054327301150423e+00 3.700598376371806353e+02 9.012288502682876867e+01 1.510603521601560715e+02 7.385581731893190636e+02 1.669433844612285384e+03 6.540000000000000568e+01 1.443606868795724818e+06 5.356272968439718625e+02 5.669506569813313490e+02
2.600000000000000000e+01 1.169690003426968161e+02 -2.068557645063361505e+01 1.816148184563723955e+00 3.791906062131694171e+02 8.958642594587095687e+01 1.505430693621831040e+02 8.951010395123420267e+02 1.595342369966474735e+03 6.540000000000000568e+01 6.419290603708445095e+06 6.679523064014900910e+02 6.778378074885404203e+02
2.700000000000000000e+01 1.169772427044802612e+02 -2.068932570333902987e+01 4.640440009804292387e+00 3.699998254343595363e+02 8.988399583370305379e+01 1.520994327347140427e+02 1.022329047985293869e+03 1.490204640346477845e+03 6.540000000000000568e+01 1.127853813259358518e+06 8.163708936235177589e+02 7.501167144340013238e+02
2.800000000000000000e+01 1.169881341016349978e+02 -2.069743745811633673e+01 3.515765843870667595e+00 3.708317321420718713e+02 8.982984342797026045e+01 1.513389295609524936e+02 1.246561554645780689e+03 1.377845744615368858e+03 6.540000000000000568e+01 1.690039910900488496e+06 1.012435438850170385e+03 9.064326457650145130e+02
2.900000000000000000e+01 1.170201082399267705e+02 -2.068421782001854226e+01 6.602879251280040052e+00 3.701081649801128037e+02 9.007669301245860538e+01 1.515008437905279948e+02 1.254819040203771465e+03 7.467848021044155757e+02 6.540000000000000568e+01 1.459037856988956686e+06 1.588555275791144595e+03 6.523566456062430916e+02
3.000000000000000000e+01 1.169979649815653744e+02 -2.070098718560833717e+01 3.796505065173727544e+00 3.701100685606385241e+02 8.969920702647181088e+01 1.509310006853317532e+02 1.382260441053898830e+03 1.244569099733623943e+03 6.540000000000000568e+01 1.277536548595574684e+06 1.189446716470376941e+03 9.749087712317011665e+02
3.100000000000000000e+01 1.169655433644422118e+02 -2.069183849552484844e+01 5.106298954204303797e+00 3.724756204214460240e+02 8.999584259817098086e+01 1.517685456644450426e+02 9.780256238660572308e+02 1.702170006779406094e+03 6.540000000000000568e+01 1.904300363185201306e+06 6.056149855725253701e+02 7.983734359425253615e+02
3.200000000000000000e+01 1.169566297308813603e+02 -2.069874845773449579e+01 5.073586068780403302e+00 3.703097954870387980e+02 8.985400500373202703e+01 1.510998363773582867e+02 1.032850506630478321e+03 1.903225220909884911e+03 6.540000000000000568e+01 2.108590038738115691e+06 4.449971823875798123e+02 9.313341749904700464e+02
3.300000000000000000e+01 1.169928263035546223e+02 -2.070212546232259498e+01 5.375835408998958620e+00 3.701015319786935152e+02 9.001012103719794766e+01 1.514420622972870660e+02 1.363267165434406479e+03 1.337261378002213405e+03 6.540000000000000568e+01 1.673773968331217766e+06 1.096879818117313789e+03 9.967566572089385772e+02
3.400000000000000000e+01 1.169762907444519300e+02 -2.069278023938574762e+01 5.011659004340983437e+00 3.701077444178116593e+02 8.982518893831024798e+01 1.511038555505617751e+02 1.075667460343356424e+03 1.534043373416263876e+03 6.540000000000000568e+01 1.224969051884584595e+06 7.991817862365783185e+02 8.166204634620620482e+02
3.500000000000000000e+01 1.169689668431618657e+02 -2.068549307255579706e+01 1.848744365535802459e+00 3.793441270637283083e+02 8.988414622886787697e+01 1.512505696170340173e+02 8.933835795765282910e+02 1.594944405803568316e+03 6.540000000000000568e+01 6.564209142800956964e+06 6.673498477783091403e+02 6.762320732945906911e+02
3.600000000000000000e+01 1.169721962490108353e+02 -2.068902619866090475e+01 6.414070340024448313e+00 3.702606544806902775e+02 8.971670131584032504e+01 1.513579735679386431e+02 9.793400182306235138e+02 1.570833317128635144e+03 6.540000000000000568e+01 2.014932263441622723e+06 7.254777299890397444e+02 7.442941021985373027e+02
3.700000000000000000e+01 1.169665401937964617e+02 -2.069586848952562619e+01 2.267931467243329280e+00 3.803264878768434869e+02 8.999088349273479537e+01 1.517145896169459149e+02 1.056220953872771588e+03 1.718333727254258974e+03 6.540000000000000568e+01 1.961414123085724190e+06 6.235248382321440204e+02 8.759779521978035746e+02
