# id ra dec s L A b x y a flux x_0 y_0
0.000000000000000000e+00 8.985813756430711408e+01 6.969786135955429174e+00 3.694034203551840978e+00 1.742916254855546470e+02 9.054663930648352732e+01 1.373881330703516710e+02 4.562946316458021101e+03 1.110788749933055442e+03 -6.890000000000000568e+01 6.136804661045229295e+05 1.117966160482355463e+03 1.857051187876988649e+02
1.000000000000000000e+00 8.984834161147156806e+01 6.969981731167015582e+00 7.141383869834240450e+00 1.758990981355157714e+02 9.002829266264403429e+01 1.387604726069036758e+02 4.627240747898476002e+03 1.286447035076005704e+03 -6.890000000000000568e+01 9.733931922934567556e+05 1.305184945582979935e+03 1.893863429360965256e+02
2.000000000000000000e+00 8.990888011361299448e+01 6.969175748161688055e+00 2.595135933115810367e+00 1.729556538739851135e+02 9.054412546232998693e+01 1.374603977051832544e+02 4.223358887486841923e+03 2.013130564248854455e+02 -6.890000000000000568e+01 6.269569031942505389e+05 1.481801510772006054e+02 1.744541245738077464e+02
3.000000000000000000e+00 8.981518172680652867e+01 6.979812190880135603e+00 1.082368085116487855e+01 2.086181163399728007e+02 9.013006729275720375e+01 1.387580654097635886e+02 4.678126817581308387e+03 1.945418446949505096e+03 -6.890000000000000568e+01 1.436061760511109605e+06 1.938999217268511529e+03 3.784079710703105093e+02
4.000000000000000000e+00 8.988948136104518483e+01 6.981948004616149284e+00 1.897233720023649095e+00 1.704128542607721499e+02 9.042109361265724488e+01 1.377047523092330721e+02 4.127798985226848345e+03 6.363604486781539435e+02 -6.890000000000000568e+01 7.784244085426793899e+05 5.190650529349380804e+02 4.201738681492186060e+02
5.000000000000000000e+00 8.985225222752254126e+01 6.977523902103146547e+00 1.351981900481701082e+01 2.167470063131563904e+02 9.023037896539958069e+01 1.384237324025567091e+02 4.464724230842685756e+03 1.269305872656527299e+03 -6.890000000000000568e+01 1.744755344062885270e+06 1.230516711815208282e+03 3.346404604267171408e+02
6.000000000000000000e+00 8.984623440868718092e+01 6.981972691056977709e+00 7.489633088463116373e+00 1.830320396547703012e+02 9.023179899124382075e+01 1.379430038613891725e+02 4.425333231068166242e+03 1.406700221278086929e+03 -6.890000000000000568e+01 9.154982881585857831e+05 1.345565360687380462e+03 4.202482511706939476e+02
7.000000000000000000e+00 8.982837091935350315e+01 6.985727641816290578e+00 7.344777967026731247e+00 1.883380322669159739e+02 9.034350503263335952e+01 1.379404470365468853e+02 4.481680383266312674e+03 1.751296410968507416e+03 -6.890000000000000568e+01 1.007726259430858074e+06 1.686987267661333590e+03 4.924041404641507711e+02
8.000000000000000000e+00 8.986398294341394433e+01 6.985978310952970283e+00 7.746522490746561296e+00 1.866733893819881303e+02 9.002398755666061447e+01 1.382467421921620314e+02 4.230576156973611432e+03 1.118735521803653228e+03 -6.890000000000000568e+01 8.785587692908323370e+05 1.006409887902339847e+03 4.975296437548664130e+02
9.000000000000000000e+00 8.990323000712209023e+01 6.995978099978796827e+00 1.945903819638964416e+00 1.721093795915692795e+02 9.050063810309063683e+01 1.374067563214143206e+02 3.780699259873257233e+03 4.882195136478728728e+02 -6.890000000000000568e+01 9.369133415366041008e+05 2.564728056471085438e+02 6.904594118861273273e+02
1.000000000000000000e+01 8.990440901985860478e+01 6.983034893451627312e+00 4.040745852339138189e+00 1.676947659505394768e+02 8.999434985165328271e+01 1.386638928803272108e+02 4.005013242204939161e+03 3.770077967188830712e+02 -6.890000000000000568e+01 3.742652850398258306e+05 2.337913362633759107e+02 4.412573885340482320e+02
1.100000000000000000e+01 8.986560880967407172e+01 6.986904374771732762e+00 8.808750105262790342e+00 1.942525288474377589e+02 9.062786370937510583e+01 1.373526430855052638e+02 4.203587170799676642e+03 1.095486994444639777e+03 -6.890000000000000568e+01 1.061765314870406874e+06 9.753471200826483027e+02 5.153753654118950180e+02
1.200000000000000000e+01 8.988268001104346183e+01 6.987695995083151423e+00 1.629769955580400387e+00 1.695455300505143725e+02 8.992690899152991335e+01 1.389406596851276845e+02 4.070953176888167491e+03 7.970663178294666977e+02 -6.890000000000000568e+01 1.376555304242339451e+06 6.491082294466465328e+02 5.307803176143770543e+02
1.300000000000000000e+01 8.983240015802054756e+01 6.989358265047504126e+00 3.089324799786557385e+00 1.733864544295560961e+02 9.061151774764087463e+01 1.371969502909904008e+02 4.388458255895458024e+03 1.704918866351868246e+03 -6.890000000000000568e+01 6.236257356161110802e+05 1.610015410159644944e+03 5.623408472548816235e+02
1.400000000000000000e+01 8.986146733677604459e+01 6.995798315845344284e+00 1.428598131937714832e+01 2.168202100514439792e+02 9.044074488394039690e+01 1.372154049206851312e+02 4.071935964997286192e+03 1.231239447459726307e+03 -6.890000000000000568e+01 1.960472345256094355e+06 1.054580829993831230e+03 6.865852513277512799e+02
1.500000000000000000e+01 8.981826298324388347e+01 6.996770058076688059e+00 1.749376781345200360e+00 1.693684988564082232e+02 9.014080302214607343e+01 1.384522069479826030e+02 4.352877828571999999e+03 2.008101427822290816e+03 -6.890000000000000568e+01 8.383592478261154611e+05 1.880245333866431565e+03 7.049433109998918781e+02
1.600000000000000000e+01 8.986513370090855801e+01 6.996749133331280568e+00 1.712013138704426840e+00 1.694496444824854109e+02 9.042585750251880938e+01 1.377322875250235370e+02 4.029956690530080323e+03 1.173014200947017116e+03 -6.890000000000000568e+01 9.726108834489519941e+05 9.845239360654435359e+02 7.049260370667102507e+02
1.700000000000000000e+01 8.988133994748666566e+01 6.998076420807741727e+00 8.378546703316770206e+00 1.831329068863423117e+02 9.007951331092600356e+01 1.384051752930875239e+02 3.894751028314941323e+03 8.930498658551942981e+02 -6.890000000000000568e+01 1.276902987469475018e+06 6.748277872008904978e+02 7.306362652097357113e+02
1.800000000000000000e+01 8.986579933970723744e+01 6.997931096737027623e+00 8.067621967608591405e+00 1.846304349936189340e+02 9.028039215790175831e+01 1.375751044527456770e+02 4.003684689862606319e+03 1.169272107470036644e+03 -6.890000000000000568e+01 9.309068268166971393e+05 9.718149152734321206e+02 7.276901313917669540e+02
1.900000000000000000e+01 8.983143167993546285e+01 7.000463437565315417e+00 8.626261249407438214e+00 1.961105152678610750e+02 9.033541924832344705e+01 1.380832686399394333e+02 4.194983696026103644e+03 1.799289465879925956e+03 -6.890000000000000568e+01 1.107794232846766012e+06 1.628616897044673351e+03 7.761562009373734554e+02
2.000000000000000000e+01 8.987935793075381241e+01 7.000923434333663486e+00 1.175914462907858216e+01 2.068371684519599683e+02 9.020411749198629536e+01 1.382224344461213832e+02 3.856733270693854138e+03 9.482994769164680520e+02 -6.890000000000000568e+01 1.583353512312441133e+06 7.127349544493976055e+02 7.854343466980824360e+02
2.100000000000000000e+01 8.984415486989530564e+01 7.002005429550777649e+00 3.685164826026188223e+00 1.746856905162937323e+02 9.038437698476802495e+01 1.379073596645072826e+02 4.079927073072094117e+03 1.583278814015602165e+03 -6.890000000000000568e+01 6.008896922157792142e+05 1.385486788496466943e+03 8.059489422032384027e+02
2.200000000000000000e+01 8.981763342592333288e+01 7.006331139470712621e+00 1.504013648039858486e+00 1.684755798042560855e+02 9.019766831000606544e+01 1.382923978455395400e+02 4.184012417453892340e+03 2.086341087216945652e+03 -6.890000000000000568e+01 1.637166645898843883e+06 1.892350858676558801e+03 8.890307074091688264e+02
2.300000000000000000e+01 8.986091695374554433e+01 7.005425180569923249e+00 1.042351484610521695e+01 1.969886586874034720e+02 9.022122969108707480e+01 1.378630467231485000e+02 3.901985241564932494e+03 1.308645321013216289e+03 -6.890000000000000568e+01 1.258278559743600665e+06 1.065192070408804739e+03 8.719393906591421910e+02
2.400000000000000000e+01 8.987262547157322956e+01 7.006519261030557999e+00 1.570814516306515252e+00 1.690917448307941982e+02 9.038126851898475422e+01 1.378981449483650010e+02 3.802827262425256322e+03 1.107436772787979180e+03 -6.890000000000000568e+01 1.406991880874801893e+06 8.414517113494246132e+02 8.931135815262692859e+02
2.500000000000000000e+01 8.982303699980256795e+01 7.007862711437947034e+00 2.746561863325517105e+00 1.706965430285731031e+02 8.995314695004734062e+01 1.382620852623643941e+02 4.119667775942348271e+03 2.000343766021772808e+03 -6.890000000000000568e+01 2.242700406539293937e+06 1.789100845517945572e+03 9.185598423992802282e+02
2.600000000000000000e+01 8.987679251966790162e+01 7.006303277681002584e+00 7.427979046566850485e+00 1.887027157293494781e+02 9.079229803545531752e+01 1.372767179139305540e+02 3.777503410791245642e+03 1.031062834656645691e+03 -6.890000000000000568e+01 1.027618740940577118e+06 7.618166818039414920e+02 8.889948900389296114e+02
2.700000000000000000e+01 8.989251473555843575e+01 7.006633726604875712e+00 4.059500306607819020e+00 1.681637604411180575e+02 8.998422157606265159e+01 1.394522149175224399e+02 3.663023142967704644e+03 7.536845506847590741e+02 -6.890000000000000568e+01 3.954295331783448346e+05 4.613663176496956453e+02 8.955144769048470152e+02
2.800000000000000000e+01 8.983972473087480637e+01 7.007321072124026884e+00 1.633272120446389808e+00 1.689655028780913426e+02 9.062895843848779975e+01 1.373230715163916784e+02 4.014295576377528505e+03 1.698789785725984530e+03 -6.890000000000000568e+01 1.027082340695904917e+06 1.470194290504501396e+03 9.082614600689918234e+02
2.900000000000000000e+01 8.982944140584845627e+01 7.007141933410782286e+00 9.474816279143183806e+00 1.926457284843112063e+02 9.015342834286801121e+01 1.389870737731171459e+02 4.087683316082603596e+03 1.880716979683486215e+03 -6.890000000000000568e+01 1.153617440885751508e+06 1.666707013566443038e+03 9.047305206899088716e+02
3.000000000000000000e+01 8.990459887092680447e+01 7.007884719076402646e+00 1.438357406287183515e+01 2.118012604465504012e+02 9.022878654242379071e+01 1.377431771315406763e+02 3.557193249639874011e+03 5.465538025815513947e+02 -6.890000000000000568e+01 1.827591176348027308e+06 2.304507693005729152e+02 9.197290783328614907e+02
3.100000000000000000e+01 8.986868398944631053e+01 7.010623734510941674e+00 3.705910352714365530e+00 1.688427669004021823e+02 9.002983689684563728e+01 1.379187485148878238e+02 3.755992312311307614e+03 1.205363972569901534e+03 -6.890000000000000568e+01 1.441640756029555574e+06 9.168149584853562146e+02 9.721053353344202606e+02
3.200000000000000000e+01 8.990805849411981399e+01 7.009086828694410798e+00 7.415506437484853386e+00 2.006412110089885061e+02 9.130240385105295786e+01 1.374530978128621825e+02 3.512512388940264827e+03 4.936506396887377832e+02 -6.890000000000000568e+01 1.144298363500781357e+06 1.643509470195259610e+02 9.429125629140487490e+02
3.300000000000000000e+01 8.986486077651323967e+01 7.015791243451529269e+00 7.127163117143552995e+00 1.841288477894005950e+02 9.099046326367883353e+01 1.405825682763179714e+02 3.689260023541142800e+03 1.310215667860616804e+03 -6.890000000000000568e+01 3.954633293706296477e+06 9.899271254580438608e+02 1.071566665955883309e+03
3.400000000000000000e+01 8.987085081903832418e+01 7.011858796080845835e+00 1.040278695746047255e+01 1.834100166901957607e+02 8.926768420646827451e+01 1.398989643182613065e+02 3.719067022074515535e+03 1.176093897981248801e+03 -6.890000000000000568e+01 1.980423575368526625e+06 8.754194819064333615e+02 9.959059369467871647e+02
