# id ra dec s L A b x y a flux x_0 y_0
0.000000000000000000e+00 1.074694500086324354e+02 4.936586128680406205e+01 4.097361702602026590e+00 6.233548516173225380e+02 9.003095179696850892e+01 8.485692700640554165e+01 4.080099253929872248e+03 1.012881357514303090e+03 -7.809999999999999432e+01 6.136118434606518131e+05 8.947837033390258057e+02 6.629205961513915781e+02
1.000000000000000000e+00 1.074507702857111298e+02 4.936833614525966141e+01 6.500473516900634685e+00 6.524331806606253394e+02 8.998176825041807092e+01 8.492657162284638162e+01 4.079895609979358596e+03 7.720022295691322824e+02 -7.809999999999999432e+01 8.379826925167837180e+05 6.593510726356818168e+02 6.142992763757370085e+02
2.000000000000000000e+00 1.074474065668533598e+02 4.936158176880631743e+01 2.294284978102590689e+00 6.085741707668926210e+02 9.004239765412927454e+01 8.477908416068834185e+01 3.941758738366484977e+03 7.572539896567969890e+02 -7.809999999999999432e+01 7.853757382209786447e+05 6.159833856283361229e+02 7.453808495515378354e+02
3.000000000000000000e+00 1.074473603747752009e+02 4.936159917205525716e+01 2.342940705089577857e+00 6.086215064408481794e+02 8.998169813809570883e+01 8.493701564809164495e+01 3.942056047396896247e+03 7.562370308907342178e+02 -7.809999999999999432e+01 8.026139568574300501e+05 6.154026811262838237e+02 7.450413674119600955e+02
4.000000000000000000e+00 1.074565769472238088e+02 4.933849296347061397e+01 1.774652013668851502e+00 6.067751386916343108e+02 9.006941125855324515e+01 8.362456712828317507e+01 3.526257665949124203e+03 9.596435636843337988e+02 -7.809999999999999432e+01 1.845985290563481674e+07 7.286639982714914368e+02 1.194107318830033819e+03
5.000000000000000000e+00 1.074564558869752631e+02 4.933850910800594392e+01 1.777153505371416475e+00 6.067849022743715750e+02 8.998170542622025891e+01 8.385261219324087278e+01 3.526102718825330612e+03 9.577312174275377856e+02 -7.809999999999999432e+01 1.849376245711127296e+07 7.271373445665017243e+02 1.193790091540857702e+03
6.000000000000000000e+00 1.074760888714597229e+02 4.933009801838395703e+01 4.386905273834153185e+00 6.237284497696873586e+02 9.010296565150895276e+01 8.479093987336659666e+01 3.416911581212365036e+03 1.233364037816782684e+03 -7.809999999999999432e+01 7.954763148363621440e+05 9.739940413260985679e+02 1.357715596397285253e+03
7.000000000000000000e+00 1.074641453945695986e+02 4.933089659057174714e+01 2.233120022429765150e+00 6.081686547861926329e+02 8.996252748581137837e+01 8.505068586033389977e+01 3.400723580920758195e+03 1.082350676123791345e+03 -7.809999999999999432e+01 1.050884082269246923e+06 8.232453997050391763e+02 1.341871340523726076e+03
8.000000000000000000e+00 1.074492849201577371e+02 4.933458848948959741e+01 4.765778861795470611e+00 6.198092463609586957e+02 9.006193082843653031e+01 8.477145514977084417e+01 3.433008439134698165e+03 8.849607796363062562e+02 -7.809999999999999432e+01 7.071639715828327462e+05 6.360501379391949968e+02 1.269716773278952587e+03
9.000000000000000000e+00 1.074529598980317928e+02 4.932915680598502206e+01 1.700814867177888212e+00 6.069743771124919931e+02 8.998489091168406162e+01 8.197911735888632734e+01 3.339268963537447689e+03 9.507062359944284253e+02 -7.809999999999999432e+01 4.716401623445371538e+07 6.817350913739239786e+02 1.375327598326364296e+03
1.000000000000000000e+01 1.074642546334602855e+02 4.933089552914996290e+01 2.190618894647828441e+00 6.079698739563568779e+02 9.008051796539201916e+01 8.479094860503141717e+01 3.400845139465345255e+03 1.084432622042222420e+03 -7.809999999999999432e+01 1.028383048836664413e+06 8.246249909492416919e+02 1.341895119544800309e+03
1.100000000000000000e+01 1.074528520564315102e+02 4.932917157784791584e+01 1.683435153895806335e+00 6.069206848154658474e+02 8.996630737525931920e+01 8.202025120658713320e+01 3.339450694281405049e+03 9.499804513650495892e+02 -7.809999999999999432e+01 4.653107894957271963e+07 6.803749434776277667e+02 1.375037365989208411e+03
1.200000000000000000e+01 1.074602925179224258e+02 4.933311049806167148e+01 5.057362797512587882e+00 6.214887851506770176e+02 9.010466400699360179e+01 8.477158520589163970e+01 3.433198317934175975e+03 1.026378795553578357e+03 -7.809999999999999432e+01 7.317955238335705362e+05 7.748746172711246345e+02 1.298759054920356903e+03
1.300000000000000000e+01 1.074534979264395531e+02 4.933318320800336210e+01 4.342639517085197909e+00 6.206516779959098358e+02 8.993577697460936804e+01 8.509037896560388958e+01 3.416783069379373501e+03 9.419889925084391962e+02 -7.809999999999999432e+01 7.143983549998279195e+05 6.890698853364290244e+02 1.297141773314798229e+03
1.400000000000000000e+01 1.075066811886998295e+02 4.931743481897179748e+01 3.309179320231704136e+00 6.117899177868326888e+02 9.019964209587276116e+01 8.468903076118884599e+01 3.254112913350027611e+03 1.660792739583438788e+03 -7.809999999999999432e+01 6.481236230294716079e+05 1.358871027687645210e+03 1.604412149603802163e+03
1.500000000000000000e+01 1.074563986529516768e+02 4.932402026522032656e+01 7.566825329504095698e+00 6.462138912846340872e+02 9.009324004636987127e+01 8.453848816237780284e+01 3.249914840388279117e+03 1.013878000968031301e+03 -7.809999999999999432e+01 1.024211843811782543e+06 7.244855207294049251e+02 1.475196530929933715e+03
1.600000000000000000e+01 1.074655360178373655e+02 4.929545480595949414e+01 1.927191492645046855e+00 6.071915829634909869e+02 8.999538896841924895e+01 8.497944580021862748e+01 2.729206082680288091e+03 1.237200634404164248e+03 -7.809999999999999432e+01 1.679282050224244595e+06 8.361733680441733441e+02 2.030273272047078308e+03
1.700000000000000000e+01 1.074657682578864240e+02 4.929539631081021867e+01 1.925248238552661473e+00 6.071604027851923320e+02 9.009322814696398041e+01 8.474860456475322223e+01 2.729742383582103230e+03 1.240281523489354413e+03 -7.809999999999999432e+01 1.676913205345031573e+06 8.391011021649164832e+02 2.031416055947168616e+03
1.800000000000000000e+01 1.074878091804856410e+02 4.927821771084509095e+01 1.770579980795548680e+00 6.066641098063381605e+02 9.003766834564024180e+01 8.390387888748227851e+01 2.460045724674137546e+03 1.579493241556340763e+03 -7.809999999999999432e+01 1.814469272291025519e+07 1.115536984300889344e+03 2.365655153641355810e+03
1.900000000000000000e+01 1.075045744621770609e+02 4.927863800810349204e+01 1.855858521250218551e+00 6.068298090627429247e+02 9.011940590179477795e+01 8.477575943441242146e+01 2.510870728425153629e+03 1.785460273585473942e+03 -7.809999999999999432e+01 2.772093213723133318e+06 1.327565921926101055e+03 2.357888541710418394e+03
2.000000000000000000e+01 1.074300742385578786e+02 4.928376466596093763e+01 1.805117590948483342e+00 6.069455463973069982e+02 8.992613557907772304e+01 8.487729058052161690e+01 2.416929773244439730e+03 8.436409300208027844e+02 -7.809999999999999432e+01 4.333628551667997614e+06 3.863227650251693603e+02 2.256195599535386918e+03
2.100000000000000000e+01 1.074811377926982914e+02 4.926544524990298868e+01 2.848273065345574562e+00 6.099402820287890563e+02 9.020411474465632296e+01 8.465543461021154314e+01 2.199038045267993766e+03 1.546983894205360457e+03 -7.809999999999999432e+01 7.274477998452023603e+05 1.029564953172418200e+03 2.613552869289534101e+03
2.200000000000000000e+01 1.074624117424912555e+02 4.926074643868741276e+01 2.284221445697132591e+00 6.085969337452160062e+02 8.990141265719053365e+01 8.529430820094117394e+01 2.061093064308210614e+03 1.333531786903461580e+03 -7.809999999999999432e+01 8.517381891664559953e+05 7.921164901903460986e+02 2.704293885704295917e+03
2.300000000000000000e+01 1.074634601150196431e+02 4.926071146359257824e+01 2.297974630773286009e+00 6.087262130819146932e+02 9.020412728859857054e+01 8.460100767069546635e+01 2.063195376070686962e+03 1.346235123435293644e+03 -7.809999999999999432e+01 8.585323110056619626e+05 8.053720008454180288e+02 2.705003828743343092e+03
2.400000000000000000e+01 1.074531029026594524e+02 4.923694547692912948e+01 1.796957437669318480e+00 6.071109606374906207e+02 8.989662586171790792e+01 8.515428915237271212e+01 1.584295136408793724e+03 1.310555854489812418e+03 -7.809999999999999432e+01 2.956860982079202775e+06 6.711870030181431730e+02 3.166276384727288132e+03
2.500000000000000000e+01 1.074529267781189361e+02 4.923690454966847341e+01 1.801192614094627498e+00 6.071182539046620832e+02 8.985747911907336061e+01 8.525647755217302404e+01 1.583927764441104500e+03 1.308437259369175763e+03 -7.809999999999999432e+01 2.965279278644658625e+06 6.689527804953087298e+02 3.167065826092312818e+03
2.600000000000000000e+01 1.075178648501990608e+02 4.921678566188730741e+01 2.327537668613798516e+00 6.090023887266759175e+02 9.033006671125643550e+01 8.451747799441889697e+01 1.368450995831164846e+03 2.190770717881006476e+03 -7.809999999999999432e+01 8.508666794051097240e+05 1.488341054723744492e+03 3.559470456030369860e+03
2.700000000000000000e+01 1.074958649445839427e+02 4.921578956306208141e+01 2.204024105550123291e+00 6.086243105353879628e+02 8.983387433344364581e+01 8.559366874291913518e+01 1.292480107840959818e+03 1.922062270699828105e+03 -7.809999999999999432e+01 9.923823982423815178e+05 1.209709497929291729e+03 3.578334456045592106e+03
2.800000000000000000e+01 1.075027555125941063e+02 4.921075717700601615e+01 1.748761657999014174e+00 6.073248954579925112e+02 9.033539735249925684e+01 8.391842187591137758e+01 1.214560563415126808e+03 2.027033245176252876e+03 -7.809999999999999432e+01 8.884303520305847749e+06 1.296332137391500055e+03 3.676232843126324042e+03
2.900000000000000000e+01 1.075003488757752876e+02 4.921059644728008209e+01 1.748477575073389856e+00 6.073805953508929178e+02 8.983384146624477751e+01 8.509873171271361514e+01 1.205150640553616540e+03 1.997841403230137985e+03 -7.809999999999999432e+01 8.912014258497189730e+06 1.265841916952580050e+03 3.679299619920244368e+03
3.000000000000000000e+01 1.075040873840319335e+02 4.920848361862627485e+01 1.773775374411018291e+00 6.074373309701181824e+02 9.033725063087948115e+01 8.425753358893601330e+01 1.174298417266260913e+03 2.052343873241604797e+03 -7.809999999999999432e+01 3.668621004800767172e+06 1.312920015729530860e+03 3.720419666811144452e+03
3.100000000000000000e+01 1.074372321096307132e+02 4.921805951955387570e+01 1.936498395659452143e+00 6.075370329535484188e+02 8.974614397574909219e+01 8.558008092640336884e+01 1.184518934847334322e+03 1.186549335032828594e+03 -7.809999999999999432e+01 1.598028200160980923e+06 4.677463254796397223e+02 3.532566235166770639e+03
3.200000000000000000e+01 1.075126499627007064e+02 4.919968522215252449e+01 1.963867276986271060e+00 6.078969545731962398e+02 8.982392825188021845e+01 8.564062166980016855e+01 1.029026125262257437e+03 2.192259232125112703e+03 -7.809999999999999432e+01 1.590510654172550421e+06 1.420291337707507410e+03 3.891486835147419242e+03
3.300000000000000000e+01 1.074707575590858539e+02 4.919501587950318111e+01 1.897082229150005350e+00 6.074344511402659919e+02 9.030810285282390737e+01 8.430866913088017611e+01 8.317452893775291614e+02 1.691018038860245269e+03 -7.809999999999999432e+01 2.516058386879032012e+06 8.891661302416496255e+02 3.981148768286645463e+03
3.400000000000000000e+01 1.074681544810692060e+02 4.919504852023126062e+01 1.896412180059511066e+00 6.074413385197149182e+02 8.982399078906254886e+01 8.544657210389834745e+01 8.258425177187771169e+02 1.659497834723327514e+03 -7.809999999999999432e+01 2.515246438298839144e+06 8.562022904051217438e+02 3.980441395276218827e+03
3.500000000000000000e+01 1.074619506747684170e+02 4.920437921863121744e+01 2.823178428893554415e+00 6.092171469493808900e+02 9.023337136880969922e+01 8.434940293803541067e+01 9.873577772551208227e+02 1.546075468323569794e+03 -7.809999999999999432e+01 2.133679542789729312e+06 7.788599798347570413e+02 3.799042484471129683e+03
