# id ra dec s L A b x y a flux x_0 y_0
0.000000000000000000e+00 1.167342420275604411e+02 -2.142452160408519291e+01 6.158333255331809752e+00 3.699998286160369503e+02 9.000110749428351653e+01 2.715277204019337773e+02 9.239535626530080208e+02 9.380970223458569990e+02 6.540000000000000568e+01 2.782538590318741743e+06 1.277368724305970545e+03 4.302919167867725037e+02
1.000000000000000000e+00 1.167257645827382646e+02 -2.142415341782894345e+01 1.058057807161612907e+01 3.701606668329632157e+02 8.960835565488447685e+01 2.664896606985386143e+02 9.935166252031286831e+02 8.029899937622725474e+02 6.540000000000000568e+01 5.453479068378655240e+06 1.429308553622787031e+03 4.373651312032450278e+02
2.000000000000000000e+00 1.167723715403481464e+02 -2.141712408747738650e+01 5.262677036386897100e+00 3.701004560281857607e+02 8.981807013064123169e+01 2.680080799524724284e+02 7.683888041287672195e+02 1.618262690264531784e+03 6.540000000000000568e+01 4.654130728213343769e+06 5.939602911282333935e+02 5.726867104662234169e+02
3.000000000000000000e+00 1.167597516050066844e+02 -2.141473168649191194e+01 5.268586600254684171e+00 3.702076964538028960e+02 8.964663639840919984e+01 2.672257650517179286e+02 9.044303343981565604e+02 1.432116287999027008e+03 6.540000000000000568e+01 3.444163454821080435e+06 8.201513135840007180e+02 6.187769918722657394e+02
4.000000000000000000e+00 1.167165608905190197e+02 -2.141470269194866205e+01 1.459518539167417117e+01 3.702171171135726127e+02 8.991535047167903372e+01 2.679433578691759408e+02 1.226815256510449217e+03 7.284659681711888197e+02 6.540000000000000568e+01 7.223102871353769675e+06 1.594298143518688903e+03 6.192961408159496841e+02
5.000000000000000000e+00 1.167493113492829337e+02 -2.142160063640957901e+01 5.536042670137555355e+00 3.699998144703138792e+02 8.994456695970015403e+01 2.668616734984769323e+02 8.617526244222310652e+02 1.206413260139023578e+03 6.540000000000000568e+01 3.022544214088510722e+06 1.007284268824992296e+03 4.865374763997304512e+02
6.000000000000000000e+00 1.167699572267773647e+02 -2.141632001402753005e+01 7.425631994303160788e+00 3.701061274441162254e+02 8.981969631402948551e+01 2.667894359607224146e+02 8.005065383891113697e+02 1.584925105759590224e+03 6.540000000000000568e+01 3.585126740896619856e+06 6.372312126537769927e+02 5.881746517931399012e+02
7.000000000000000000e+00 1.167221162841179165e+02 -2.142157388721218680e+01 6.525112455550765134e+00 3.700982124992969489e+02 8.999837184949714697e+01 2.672764182311642003e+02 1.065965992383355569e+03 7.642729711916434781e+02 6.540000000000000568e+01 3.224976779936749488e+06 1.494703690547309861e+03 4.870202774252989570e+02
8.000000000000000000e+00 1.167160850643602856e+02 -2.142400854354843176e+01 5.928705792214727488e+00 3.701062932525820770e+02 8.993748032851088681e+01 2.665868714210455437e+02 1.067686201732943800e+03 6.462377198394996185e+02 6.540000000000000568e+01 2.951824793181946035e+06 1.602792885971959777e+03 4.401266125771196585e+02
9.000000000000000000e+00 1.167489926644616247e+02 -2.140598797603701442e+01 1.447293924634396411e+01 3.702620577084871911e+02 8.958028748553063281e+01 2.667194694340881256e+02 1.137566677326404488e+03 1.327351081569133385e+03 6.540000000000000568e+01 7.407872724248293787e+06 1.012990554830775523e+03 7.871318382313970687e+02
1.000000000000000000e+01 1.167509893629064948e+02 -2.139930689996227997e+01 2.561884986521689722e+00 3.769202453665495796e+02 8.983873433003130060e+01 2.681241268941051885e+02 1.239492265853937170e+03 1.413681830174778725e+03 6.540000000000000568e+01 4.485379557754555717e+06 9.771957929923214579e+02 9.157631106298551913e+02
1.100000000000000000e+01 1.167608386480219167e+02 -2.142012705834410369e+01 7.775699293447098093e+00 3.701068613730834045e+02 8.972560171969367104e+01 2.672245691240431711e+02 8.014871423936812107e+02 1.406856824364740305e+03 6.540000000000000568e+01 3.599758869811434299e+06 8.006769252577886391e+02 5.148968040052626520e+02
1.200000000000000000e+01 1.167456645854761774e+02 -2.139709637069105597e+01 1.322260972098166043e+01 3.701804807496463354e+02 8.961865474854621993e+01 2.644550207669163910e+02 1.317867726255244179e+03 1.343869644491223653e+03 6.540000000000000568e+01 8.060012166145443916e+06 1.072646744995736753e+03 9.583242392857939649e+02
1.300000000000000000e+01 1.167612627084620982e+02 -2.139316630175397904e+01 1.807718550081793829e+00 3.740324932146372134e+02 8.975556634011549306e+01 2.677280083910504800e+02 1.270466666845332156e+03 1.629121445242239815e+03 6.540000000000000568e+01 9.574946358464300632e+06 7.930266241477563653e+02 1.033977472647884497e+03
1.400000000000000000e+01 1.167163967081044973e+02 -2.140723333095387204e+01 1.425330354347665285e+01 3.702094185100892219e+02 8.921092047702020977e+01 2.675453108696451068e+02 1.359204080437861649e+03 7.855130662201138421e+02 6.540000000000000568e+01 7.036450933040633798e+06 1.597267886195028950e+03 7.631049253343169312e+02
1.500000000000000000e+01 1.167614709162185704e+02 -2.138948021197361982e+01 2.509861821348312372e+00 3.762065313781531017e+02 9.017436033269648021e+01 2.697325650234150203e+02 1.334151084590482697e+03 1.662738470140193385e+03 6.540000000000000568e+01 4.132161328531829640e+06 7.892872841887076447e+02 1.104946080128670019e+03
1.600000000000000000e+01 1.167603818780045799e+02 -2.138625297254000301e+01 1.184027316605754621e+01 3.701983717833240917e+02 8.980814017998561383e+01 2.657480556180880740e+02 1.398006808363230675e+03 1.670181770389868689e+03 6.540000000000000568e+01 6.331019606496753171e+06 8.088048457235288424e+02 1.167082540731202471e+03
1.700000000000000000e+01 1.167655520550562329e+02 -2.138615721504283584e+01 7.517984468144954135e+00 3.701021860800173613e+02 9.002562941306776167e+01 2.673343175445027669e+02 1.361767051500414254e+03 1.755740171436194714e+03 6.540000000000000568e+01 4.889325605093243532e+06 7.161169025868615563e+02 1.168916214875008791e+03
1.800000000000000000e+01 1.167145628737407463e+02 -2.139127022616830232e+01 6.479340744514497707e+00 3.701016294565400813e+02 8.995011209447680756e+01 2.664546549037879117e+02 1.652153535843104009e+03 8.831886745730801067e+02 6.540000000000000568e+01 3.442930428441317752e+06 1.630200209894452655e+03 1.070439445569140616e+03
1.900000000000000000e+01 1.167711035636566947e+02 -2.138314873707124519e+01 3.473635980480169749e+00 3.699998026354783178e+02 8.983928259980031328e+01 2.666905217094812315e+02 1.372652394395308875e+03 1.870205570507861239e+03 6.540000000000000568e+01 2.482131638946336228e+06 6.165836909543450020e+02 1.226824867399541063e+03
2.000000000000000000e+01 1.167452576560036164e+02 -2.137815832344299238e+01 2.372876802764190884e+00 3.763366239342198014e+02 8.955148854665274882e+01 2.671058837049905037e+02 1.652982297039796777e+03 1.488607368895252876e+03 6.540000000000000568e+01 3.842590485542950220e+06 1.079943279458953384e+03 1.322941792473168789e+03
2.100000000000000000e+01 1.167631155450700220e+02 -2.137272553176593348e+01 1.198564645656225913e+01 3.702522727902988890e+02 8.986417630294214121e+01 2.683412668644625114e+02 1.614562200120869647e+03 1.823492136197691934e+03 6.540000000000000568e+01 6.314451128436050378e+06 7.597693532186026459e+02 1.427523647952504462e+03
2.200000000000000000e+01 1.167802451856114203e+02 -2.137197134053652903e+01 5.571412563759102099e+00 3.702088576325879217e+02 8.954284732921843215e+01 2.670268383467787316e+02 1.499745958444045755e+03 2.109922679354915999e+03 6.540000000000000568e+01 3.449506433017437346e+06 4.526484909629629101e+02 1.441994194670024626e+03
2.300000000000000000e+01 1.167109870353319394e+02 -2.137178189337842227e+01 1.175501990956582965e+01 3.702075699105938611e+02 9.007536680087314096e+01 2.683102172628238691e+02 2.020199554610645691e+03 9.806958284296377997e+02 6.540000000000000568e+01 6.204386918990862556e+06 1.694386576945608567e+03 1.445637985034771191e+03
2.400000000000000000e+01 1.167777614808505575e+02 -2.137212067451037356e+01 4.352159411822759338e+00 3.699998030143422625e+02 8.979103013792268939e+01 2.662405501382066291e+02 1.515857344063492974e+03 2.068073711861276024e+03 6.540000000000000568e+01 2.430479924523953348e+06 4.971796995038728255e+02 1.439128370560196572e+03
2.500000000000000000e+01 1.167741836998575309e+02 -2.137995571561820896e+01 1.072534602860632091e+01 3.701451634336053758e+02 9.008792686159243601e+01 2.674092559093155614e+02 1.405816027564762408e+03 1.948087169655136222e+03 6.540000000000000568e+01 5.217504867221274413e+06 5.613528507297953638e+02 1.288291305643546593e+03
2.600000000000000000e+01 1.167797678985559315e+02 -2.137015893687296497e+01 4.891415568865750352e+00 3.702004920974766833e+02 8.933352325570486130e+01 2.661207116964849320e+02 1.535598022994480516e+03 2.116691728276149661e+03 6.540000000000000568e+01 3.384444648966733366e+06 4.611984051670358440e+02 1.476890513523973141e+03
2.700000000000000000e+01 1.167644574826469608e+02 -2.136925827497125852e+01 6.497243412765237203e+00 3.702060970406107572e+02 9.011560450592715199e+01 2.693250957679581461e+02 1.664932575771304300e+03 1.873779773017835169e+03 6.540000000000000568e+01 3.815528965797310695e+06 7.357019796561005478e+02 1.494276533026757079e+03
2.800000000000000000e+01 1.167670958736965190e+02 -2.137234855659222177e+01 5.411950838782472850e+00 3.701042338815223047e+02 8.978758118511689190e+01 2.660855127968981151e+02 1.591858935063870149e+03 1.891546910038609667e+03 6.540000000000000568e+01 2.940613404161409941e+06 6.884049897091755383e+02 1.434772970488993451e+03
2.900000000000000000e+01 1.167752669949442463e+02 -2.136191169734794570e+01 3.684920940871079686e+00 3.777055437784227934e+02 8.962315534881469148e+01 2.672330119634842731e+02 1.712946200413467523e+03 2.108663128539712488e+03 6.540000000000000568e+01 5.399572751371562481e+06 5.418673638772545473e+02 1.635691870886192646e+03
3.000000000000000000e+01 1.167586334209016599e+02 -2.137593303818717061e+01 7.040500631964868639e+00 3.701067948470370084e+02 8.984185866233360684e+01 2.681268806095833952e+02 1.592473584499992512e+03 1.724999512800651246e+03 6.540000000000000568e+01 3.612241538676906377e+06 8.401343486575548241e+02 1.365776606938653231e+03
3.100000000000000000e+01 1.167780493671383368e+02 -2.135819585949692367e+01 1.406259071713924946e+01 3.701814241078859027e+02 8.956809336574859515e+01 2.671574967663171378e+02 1.757728851898134053e+03 2.184592411719454503e+03 6.540000000000000568e+01 7.392116201180120930e+06 4.919640472546153092e+02 1.707223663647115245e+03
3.200000000000000000e+01 1.167573204243089151e+02 -2.136862866196857169e+01 4.704648178940399106e+00 3.699998233656943398e+02 8.992451366471517815e+01 2.683469688367371759e+02 1.729809522674223899e+03 1.761863809481464159e+03 6.540000000000000568e+01 2.561013570558950771e+06 8.636646007358503994e+02 1.506410611627705975e+03
