# id ra dec s L A b x y a flux x_0 y_0
0.000000000000000000e+00 1.065791638647016697e+02 4.876469645750593429e+01 9.020676455870900057e+00 6.515452152247632966e+02 9.002854717427922537e+01 2.097587688222988902e+02 4.186993051679047312e+03 1.446213807794726335e+03 -7.809999999999999432e+01 5.083251200606998056e+06 1.341493242747667409e+03 6.474884891062844190e+02
1.000000000000000000e+00 1.066065000517110235e+02 4.880111271726527633e+01 1.604526941691951203e+00 6.148995215493091564e+02 9.002397651028643111e+01 2.093150312767203332e+02 3.431598391198599529e+03 1.244098730724626876e+03 -7.809999999999999432e+01 4.362642726978532970e+06 9.872216627695746638e+02 1.345562549050284360e+03
2.000000000000000000e+00 1.065959726163842589e+02 4.880452730198532407e+01 1.392146104523075856e+00 6.142283621691811959e+02 8.993564335680730437e+01 2.086298904062363420e+02 3.391831899671728024e+03 1.388132234844163577e+03 -7.809999999999999432e+01 2.165712112704158202e+07 1.120403481520498644e+03 1.413077031300797671e+03
3.000000000000000000e+00 1.066032035816479748e+02 4.882163528775635086e+01 1.618409354918015186e+00 6.145284762667911309e+02 9.002137011186611915e+01 2.092602139850313279e+02 3.051587786684595358e+03 1.362602278728467354e+03 -7.809999999999999432e+01 4.124059316785556730e+06 1.025402216097441851e+03 1.741922387437080943e+03
4.000000000000000000e+00 1.066383665290660900e+02 4.882249681262145202e+01 1.403214319583915515e+00 6.136037515261560884e+02 8.994887425148480986e+01 2.087455071041059682e+02 2.947868657702774271e+03 9.276804902386269305e+02 -7.809999999999999432e+01 1.981268849011418968e+07 5.785050662941173414e+02 1.753134558395402564e+03
5.000000000000000000e+00 1.066238392781028494e+02 4.882551190043982103e+01 5.775633617016018739e+00 6.208333993668092035e+02 8.996828234472378938e+01 2.094861231021034200e+02 2.927177975142294599e+03 1.120373009250846508e+03 -7.809999999999999432e+01 3.216455769306587055e+06 7.625417047605074004e+02 1.813498443741525989e+03
6.000000000000000000e+00 1.065931258639478472e+02 4.883887949588930866e+01 3.676089914951831350e+00 6.152937824524951793e+02 8.998900117490592265e+01 2.096649580503640209e+02 2.749111294597300912e+03 1.554339186967625892e+03 -7.809999999999999432e+01 2.273299420015619602e+06 1.150271695640871940e+03 2.076118834823332691e+03
7.000000000000000000e+00 1.066023806871317845e+02 4.882831896741945599e+01 5.512543052412680389e+00 6.213221945005250291e+02 8.997202640678185048e+01 2.097417825312280968e+02 2.926920557027170616e+03 1.398287652831688320e+03 -7.809999999999999432e+01 2.853215041924350895e+06 1.034644720714225286e+03 1.870967555252543207e+03
8.000000000000000000e+00 1.065927359383192794e+02 4.882956242488128851e+01 3.699063971869492207e+00 6.122386327972548088e+02 9.000473225970084457e+01 2.096905370812934279e+02 2.926955848763405811e+03 1.523424010738606057e+03 -7.809999999999999432e+01 1.759286604904986452e+06 1.156936990992107212e+03 1.896471352304616630e+03
9.000000000000000000e+00 1.065856754564422886e+02 4.883047226497988191e+01 9.049533998850275651e+00 6.351751914032894319e+02 9.002056903125328802e+01 2.097675548673311425e+02 2.926868471599507757e+03 1.615110946972320107e+03 -7.809999999999999432e+01 4.290369137447543442e+06 1.246457757400640276e+03 1.915142858511623672e+03
1.000000000000000000e+01 1.065932856805491866e+02 4.885119626298929063e+01 1.234423594685079273e+01 6.639180232957434100e+02 8.987096149139320289e+01 2.098739055386269570e+02 2.515614965069218670e+03 1.599244695016948754e+03 -7.809999999999999432e+01 6.477563013232123107e+06 1.145979162909167144e+03 2.313661203199439115e+03
1.100000000000000000e+01 1.066306249258628043e+02 4.884983663451891545e+01 9.349727336219693541e+00 6.522775531655806844e+02 9.005849975974153665e+01 2.091077423918383715e+02 2.449922420448052435e+03 1.128562333888497278e+03 -7.809999999999999432e+01 4.731393160773908719e+06 6.720980084178436300e+02 2.281644620884489086e+03
1.200000000000000000e+01 1.065708936945590324e+02 4.885721562050355971e+01 1.395382341749493271e+00 6.133022303891269758e+02 8.986844994377689488e+01 2.074739192288797085e+02 2.457897717233214735e+03 1.900723206765100713e+03 -7.809999999999999432e+01 4.262654177222652733e+07 1.429162426837505564e+03 2.433347833295568307e+03
1.300000000000000000e+01 1.065868498516564671e+02 4.886010955122446120e+01 2.050747716621267980e+00 6.150972526458725724e+02 9.006423471313874529e+01 2.089551361245221699e+02 2.363989750160697895e+03 1.712571433160203242e+03 -7.809999999999999432e+01 3.056994852847737260e+06 1.226046406598559088e+03 2.486603526402916941e+03
1.400000000000000000e+01 1.066249159549966095e+02 4.889082429140296426e+01 5.626750812605298968e+00 6.182222079387232725e+02 8.988409007458899680e+01 2.101369475525170571e+02 1.688596811743427679e+03 1.355323221375510229e+03 -7.809999999999999432e+01 3.352193687022875063e+06 7.373896270207313819e+02 3.073093371227399075e+03
1.500000000000000000e+01 1.066067358183275786e+02 4.889603323443621008e+01 3.031088308208912174e+00 6.176563736488892573e+02 9.004545153005932434e+01 2.090406069246839138e+02 1.635579870884824913e+03 1.601325063807387323e+03 -7.809999999999999432e+01 2.902910284252037294e+06 9.671112347642327904e+02 3.176370389825961865e+03
1.600000000000000000e+01 1.066086797350569952e+02 4.891357978601821799e+01 3.763960058413422072e+00 6.172443514686619892e+02 8.990842612395051958e+01 2.100162961700012545e+02 1.299141423980190211e+03 1.644148387224646285e+03 -7.809999999999999432e+01 2.925804573079040274e+06 9.392954603666231606e+02 3.514507796747382145e+03
1.700000000000000000e+01 1.066118010840269221e+02 4.891468910470230469e+01 1.526524577932311111e+00 6.127214174462920937e+02 9.002099404072622235e+01 2.089572259499798577e+02 1.270341899335899143e+03 1.610099637324251944e+03 -7.809999999999999432e+01 6.822521335307333618e+06 8.995127863330353648e+02 3.535419954295213756e+03
1.800000000000000000e+01 1.066427605231382074e+02 4.891819391584009935e+01 1.993013820011215520e+00 6.140442720061063255e+02 8.992294548111925678e+01 2.098326862240948003e+02 1.128124468941887017e+03 1.238328219424209692e+03 -7.809999999999999432e+01 3.244189730799416546e+06 5.063019720622548903e+02 3.598303775221949309e+03
1.900000000000000000e+01 1.066148146805362131e+02 4.892590937110715998e+01 1.132158791178106227e+01 6.421375420089669888e+02 9.005537971901239302e+01 2.092582637094589018e+02 1.050504399647113814e+03 1.615306471217480521e+03 -7.809999999999999432e+01 5.828817356840452179e+06 8.592960898705010777e+02 3.751371668800919906e+03
2.000000000000000000e+01 1.065783447614303299e+02 4.892876905298860635e+01 1.142383095085529021e+01 6.582927598487714249e+02 9.001425556637106240e+01 2.101082622821168968e+02 1.085786931088186293e+03 2.079316903204569371e+03 -7.809999999999999432e+01 6.031521330230114982e+06 1.321146696279026173e+03 3.812272298334264633e+03
2.100000000000000000e+01 1.066348281506994482e+02 4.892666977543863283e+01 9.888446378952483684e+00 6.516684226299498732e+02 8.998957510370209434e+01 2.098768265113117764e+02 9.864453369691520948e+02 1.368397793055721877e+03 -7.809999999999999432e+01 5.260405466290358454e+06 6.054214374895713036e+02 3.762981162780909017e+03
2.200000000000000000e+01 1.066290146214540329e+02 4.893853806749259405e+01 5.661385571013578755e+00 6.279205838155431820e+02 8.998224360725940585e+01 2.097201764337342240e+02 7.775003865768857167e+02 1.486036210405391103e+03 -7.809999999999999432e+01 3.231767096037896350e+06 6.770552152652447830e+02 3.992779900404364071e+03
