# id ra dec s L A b x y a flux x_0 y_0
0.000000000000000000e+00 5.347098147436486926e+01 -2.266658788963118454e+01 6.391082788499837797e+00 7.994260423151726513e+01 9.115282413700603570e+01 1.837326746403255981e+02 1.396583621151208035e+03 3.370076328443082048e+02 4.389999999999999858e+01 1.798334376443034736e+06 1.787652816302761039e+03 1.550264926922322957e+02
1.000000000000000000e+00 5.347302671459075896e+01 -2.269092936118694936e+01 4.382206855147239288e+00 7.768100175837315646e+01 9.006550574640408513e+01 1.840491993577800827e+02 1.752111624207257137e+03 6.530463311449822186e+02 4.389999999999999858e+01 6.527270062488480471e+05 1.825311555325881272e+03 6.299995419802204424e+02
2.000000000000000000e+00 5.347926381108685945e+01 -2.272475326956885766e+01 4.242552328724221944e+00 7.476356777139730525e+01 9.092088606728083278e+01 1.814542746990145190e+02 2.292446639653574948e+03 1.050350798712303913e+03 4.389999999999999858e+01 5.348341586405735463e+07 1.938792088696322480e+03 1.290207428783764271e+03
3.000000000000000000e+00 5.346040693953683132e+01 -2.275421559911632130e+01 3.975436191292089028e+00 7.349747237658240806e+01 9.006467721184264974e+01 1.838912771382726703e+02 2.445285922295224736e+03 1.698788087023420303e+03 4.389999999999999858e+01 3.058314555697955657e+06 1.600033350535207319e+03 1.863795667719447920e+03
4.000000000000000000e+00 5.341941034914650288e+01 -2.277118403272930536e+01 3.767876001277626230e+00 7.315052788245520787e+01 9.071977203399225687e+01 1.836141545490981741e+02 2.141864750647976962e+03 2.447553001711421530e+03 4.389999999999999858e+01 4.551720485392865725e+06 8.621817115891117282e+02 2.192463534096660624e+03
5.000000000000000000e+00 5.337668419286639931e+01 -2.277963716712102027e+01 5.471199704557259125e+00 8.358529137517132312e+01 9.000181304234064328e+01 1.839212545768884013e+02 1.700967003283818030e+03 3.098029586331560495e+03 4.389999999999999858e+01 8.075040859947215067e+05 9.297503487114613563e+01 2.355140019208897684e+03
6.000000000000000000e+00 5.342628645418495381e+01 -2.280460990888000694e+01 3.619568374392896803e+00 7.219544558562655823e+01 9.046114152972621980e+01 1.835074635859477041e+02 2.684191175968378047e+03 2.830486562093788507e+03 4.389999999999999858e+01 6.911263013360450976e+06 9.873307833705540588e+02 2.844891306341931340e+03
7.000000000000000000e+00 5.348188286792929347e+01 -2.282918710896112913e+01 4.099780680557283397e+00 7.351223606600369465e+01 8.992749843432258672e+01 1.837775887250870994e+02 3.741563413765552923e+03 2.483906295576669891e+03 4.389999999999999858e+01 2.686908891339069698e+06 1.989253547884605268e+03 3.327587902102218322e+03
8.000000000000000000e+00 5.340123606927075883e+01 -2.286149043457781715e+01 8.946486417967594917e+00 9.791578235983574530e+01 8.977282358348163882e+01 1.839509501931768511e+02 3.129824560176416981e+03 3.940246505167039231e+03 4.389999999999999858e+01 1.676984893860256532e+06 5.386291998015692570e+02 3.953121502011621487e+03
