# id ra dec s L A b x y a flux x_0 y_0
0.000000000000000000e+00 4.893042593607488300e+01 -2.387323008869692487e+01 9.511541009699884697e+00 1.004662629124557327e+02 8.913233648231847894e+01 9.494354611086077966e+01 1.357620368981868069e+03 8.865985852117956938e+02 4.389999999999999858e+01 3.476141038791049737e+06 1.378409431394940611e+03 5.245034854021757837e+02
1.000000000000000000e+00 4.888463080006949468e+01 -2.392610534266242439e+01 8.732150374214720401e+00 9.528668152522050150e+01 8.999583720251733610e+01 9.490394869592785199e+01 1.483838784541311497e+03 2.183792473926278944e+03 4.389999999999999858e+01 3.839208794998414814e+06 5.703079213406039116e+02 1.546018122306660189e+03
2.000000000000000000e+00 4.889904869995905301e+01 -2.393550668547034377e+01 7.940298327364858189e+00 9.316848900434835912e+01 8.902674777273500695e+01 9.483985872633681424e+01 1.795651890307250142e+03 2.140389739202508281e+03 4.389999999999999858e+01 5.872446818376577459e+06 8.248550141104271916e+02 1.731225975198036394e+03
3.000000000000000000e+00 4.895139223061586620e+01 -2.393806901332214210e+01 1.275593605319850532e+01 1.064985110606472460e+02 9.056435121643127673e+01 9.495365427577981166e+01 2.501120908706863702e+03 1.542095168072183014e+03 4.389999999999999858e+01 2.689248372194413096e+06 1.748642667375343308e+03 1.789572709825400807e+03
4.000000000000000000e+00 4.888280265809079594e+01 -2.394316930438780489e+01 7.600172452703761294e+00 9.318658516455245433e+01 8.873923447650012974e+01 9.474927603017985689e+01 1.690729507083600083e+03 2.445358400670270839e+03 4.389999999999999858e+01 9.495377267769355327e+06 5.382113579488708410e+02 1.877758942568338853e+03
5.000000000000000000e+00 4.885896482783094541e+01 -2.394493024304371076e+01 5.606776424707141437e+00 8.315352121508296079e+01 8.999719862162174877e+01 9.505789470780035799e+01 1.408345092407836546e+03 2.758923897602524903e+03 4.389999999999999858e+01 5.393769014058188768e+05 1.175544846060715827e+02 1.908320238351000171e+03
6.000000000000000000e+00 4.894114825267786273e+01 -2.402367389434375511e+01 1.028821839277142480e+01 1.001161412033437443e+02 9.058642346696686332e+01 9.496551530416454057e+01 3.524587967538572684e+03 2.867346507031039437e+03 4.389999999999999858e+01 2.977321513595373370e+06 1.568014548467172972e+03 3.453539950225240318e+03
7.000000000000000000e+00 4.886654982758275167e+01 -2.407553615100581368e+01 5.022934966091824549e+00 8.035487515499309552e+01 8.970567924115117364e+01 9.514881471899688847e+01 3.268696945173862787e+03 4.496494336435386685e+03 4.389999999999999858e+01 5.059685692232044530e+05 2.530058993246548198e+02 4.450762356435774564e+03
8.000000000000000000e+00 4.895496110907750875e+01 -2.405329624623666263e+01 1.148155945870023764e+01 1.019066640371733854e+02 8.994050049942448766e+01 9.496138891688053718e+01 4.101969569141029751e+03 3.113854624043879994e+03 4.389999999999999858e+01 2.572294696446316317e+06 1.811619562087851591e+03 4.032185898785060090e+03
