# id ra dec s L A b x y a flux x_0 y_0
0.000000000000000000e+00 8.911964536768162759e+01 7.709671484629671667e+00 7.569895078653757103e+00 1.891293558415773362e+02 9.069633410072620450e+01 9.638666115233746723e+01 4.420909771574694787e+03 7.114889841349549897e+02 -6.890000000000000568e+01 7.595371975736145396e+05 6.946498000288230514e+02 1.747766823396765972e+02
1.000000000000000000e+00 8.910995793857291858e+01 7.709016379166674149e+00 5.110081587091543476e+00 1.733055883226019773e+02 8.997346148769877061e+01 9.762467567738271157e+01 4.343034233144625432e+03 5.430758122388884885e+02 -6.890000000000000568e+01 3.929943979359563673e+05 5.097969925813075633e+02 1.871885161841290426e+02
2.000000000000000000e+00 8.912072907005480715e+01 7.710189475541541881e+00 5.057156211386286238e+00 1.735805609119499877e+02 9.015983028082366957e+01 9.633773143313220544e+01 4.437202377563039590e+03 7.269848285758666862e+02 -6.890000000000000568e+01 4.584061391731826589e+05 7.153375835964824319e+02 1.648256236814583531e+02
3.000000000000000000e+00 8.911299024744208452e+01 7.701067476561746616e+00 5.420871041704242721e+00 1.753054779978305930e+02 8.997485426682531795e+01 9.853042480307139783e+01 4.220152162813496034e+03 6.525379382509495372e+02 -6.890000000000000568e+01 4.432202859965580283e+05 5.674920236143392458e+02 3.402993999891339172e+02
4.000000000000000000e+00 8.915137906432198633e+01 7.701496145850713404e+00 5.418869355491612083e+00 1.754179219990738829e+02 9.051629025166033671e+01 9.633598374774589956e+01 4.491183413188290615e+03 1.333129338511570950e+03 -6.890000000000000568e+01 4.551726433643361088e+05 1.299982307438159978e+03 3.328137819083480053e+02
5.000000000000000000e+00 8.916101717636612989e+01 7.698375181645414678e+00 1.701331562077500470e+00 1.681864968889795762e+02 9.040684524159352975e+01 9.716584490980649491e+01 4.501013632916976348e+03 1.526498025718140298e+03 -6.890000000000000568e+01 2.845396584833092988e+06 1.483824817348276383e+03 3.930865628116816879e+02
6.000000000000000000e+00 8.914124650254738924e+01 7.699123423418441803e+00 2.283374948448885444e+00 1.708438344031162615e+02 9.058730483761611652e+01 9.707973911450064008e+01 4.378738801808920471e+03 1.168781776467342979e+03 -6.890000000000000568e+01 5.636922086513673421e+05 1.106602119114766083e+03 3.783014337197342911e+02
7.000000000000000000e+00 8.916765074998495777e+01 7.698840922896882155e+00 4.228352669821725307e+00 1.734663899296634781e+02 9.032815588814882801e+01 9.743029107780604647e+01 4.554449685877493721e+03 1.641671448599176756e+03 -6.890000000000000568e+01 4.775819657889863593e+05 1.610405626238154582e+03 3.842424305192803331e+02
8.000000000000000000e+00 8.918058034064010542e+01 7.697665744912618457e+00 3.068575539053983725e+00 1.710556392145022926e+02 9.058861396297888291e+01 9.695116351909176444e+01 4.622777730762960346e+03 1.879457638876495366e+03 -6.890000000000000568e+01 4.756878555763160693e+05 1.857088240511693357e+03 4.071033402094335543e+02
9.000000000000000000e+00 8.915594776043064940e+01 7.693009543466966527e+00 1.675279648701338164e+00 1.684061061378112640e+02 9.068698124160242457e+01 9.671560393611638062e+01 4.369650475240772721e+03 1.473607365565799910e+03 -6.890000000000000568e+01 2.451225591608715244e+06 1.386997663210663632e+03 4.962998820647488856e+02
1.000000000000000000e+01 8.914528317883160469e+01 7.693970055384374618e+00 6.852616902393621423e+00 1.831444875400052297e+02 9.027942841143764952e+01 9.760226904820497396e+01 4.312872977887146590e+03 1.276579223563577443e+03 -6.890000000000000568e+01 7.463936445331745781e+05 1.183526396148080039e+03 4.776020491123018132e+02
1.100000000000000000e+01 8.917279953342273302e+01 7.684422595642823595e+00 1.983451357250291203e+00 1.714108805945027711e+02 9.064772598625991407e+01 9.685445258517015077e+01 4.329679010324475712e+03 1.832547970222251706e+03 -6.890000000000000568e+01 7.726580364635675214e+05 1.708390001827582182e+03 6.619430308938472081e+02
1.200000000000000000e+01 8.909194143326145365e+01 7.692231342835023078e+00 4.400111682062285645e+00 1.692240728823885263e+02 9.002189944079238160e+01 9.754128999084285567e+01 3.916035648234980727e+03 3.388954660577664413e+02 -6.890000000000000568e+01 3.358364692048333818e+05 1.656755951306674319e+02 5.099807735564418181e+02
1.300000000000000000e+01 8.911139609246841076e+01 7.691157890022833676e+00 3.469823792250142258e+00 1.737205368785828057e+02 9.094119056913220334e+01 9.640563861388658040e+01 4.030537031334273706e+03 6.923583344600752980e+02 -6.890000000000000568e+01 5.296168340642563999e+05 5.368710581487123363e+02 5.310640743468327400e+02
1.400000000000000000e+01 8.909221437028023161e+01 7.690162446085411219e+00 6.303643123154869521e+00 1.757013203785559767e+02 9.016721019444676699e+01 9.809454774342839301e+01 3.881316449432205445e+03 3.581726210968751616e+02 -6.890000000000000568e+01 5.287474557437612675e+05 1.708393747070221309e+02 5.498210856345930324e+02
1.500000000000000000e+01 8.913715181279110311e+01 7.689769415948365605e+00 1.923618248998109070e+00 1.695252235827189793e+02 9.084264659951702470e+01 9.664425736738689920e+01 4.181778748020937201e+03 1.161157315161711040e+03 -6.890000000000000568e+01 8.486385364675838500e+05 1.028291317164618022e+03 5.583211002999734092e+02
1.600000000000000000e+01 8.914133681312837609e+01 7.687221024351040377e+00 1.696105736274140741e+00 1.689060481375322240e+02 9.016543120231747821e+01 9.777284674364480566e+01 4.165113031013012915e+03 1.252903571761781222e+03 -6.890000000000000568e+01 2.848277892642964609e+06 1.108096660595938602e+03 6.074695563025867386e+02
1.700000000000000000e+01 8.915230755072947488e+01 7.685661963382327322e+00 7.333339476044464789e+00 1.898552060690562371e+02 9.029660162375719779e+01 9.760851746250168048e+01 4.211775523689221700e+03 1.459528738829169697e+03 -6.890000000000000568e+01 7.274847545445717406e+05 1.317401718668199010e+03 6.376992366404115273e+02
1.800000000000000000e+01 8.912656395662678221e+01 7.681270040536770871e+00 2.195666900308669955e+00 1.703196033572411636e+02 9.068038724894790903e+01 9.688967180877645546e+01 3.956458399078755974e+03 1.030722763242595875e+03 -6.890000000000000568e+01 6.242067746296107071e+05 8.260944991622621956e+02 7.217548517960365189e+02
1.900000000000000000e+01 8.910469194727765796e+01 7.675504099084834664e+00 4.746081953156788380e+00 1.715280338586035498e+02 8.998705090170943777e+01 9.406025737788789343e+01 3.702975461485797496e+03 6.810394868238539630e+02 -6.890000000000000568e+01 3.760060739840324386e+05 4.086222929471823591e+02 8.323189208910271191e+02
2.000000000000000000e+01 8.912307806680092881e+01 7.674675315334044789e+00 1.760819251683756859e+00 1.688041275014843450e+02 9.098302713548604004e+01 9.631065944139342605e+01 3.814088076620687843e+03 1.014997816955269855e+03 -6.890000000000000568e+01 1.269303004739557393e+06 7.594464767208986586e+02 8.486577083773299819e+02
2.100000000000000000e+01 8.909443260993410263e+01 7.674699675022387702e+00 1.949129644443619691e+00 1.695263861000724717e+02 8.997563677831630002e+01 9.814603862633336462e+01 3.618670335322276969e+03 5.043065765240023666e+02 -6.890000000000000568e+01 8.163709328976182733e+05 2.128374936843387673e+02 8.475877603455392091e+02
2.200000000000000000e+01 8.909469429284752096e+01 7.673500946488875485e+00 1.998557908633092461e+00 1.695755485406691605e+02 9.098111958274496658e+01 9.630888636253908430e+01 3.598909749859657950e+03 5.175897969505493847e+02 -6.890000000000000568e+01 8.393992645481538493e+05 2.178054446501632526e+02 8.706735806693297945e+02
2.300000000000000000e+01 8.912281094253647495e+01 7.671988213896874242e+00 1.660556554300378851e+00 1.686098610131623730e+02 8.998587114708995216e+01 9.804099291758350887e+01 3.764277156353342889e+03 1.028857124288696696e+03 -6.890000000000000568e+01 2.234043237003316637e+06 7.542954636719875907e+02 9.003891733042378291e+02
2.400000000000000000e+01 8.914889216158147178e+01 7.668420975676009554e+00 5.778587913463887560e+00 1.819530676218823260e+02 9.110304880552604345e+01 9.635480713702595779e+01 3.878164795828843125e+03 1.517613441840985615e+03 -6.890000000000000568e+01 6.167160115837220801e+05 1.251906508992806494e+03 9.695873125528756873e+02
2.500000000000000000e+01 8.916868796365220362e+01 7.665146758156445195e+00 1.741940919859533921e+00 1.683751281856192747e+02 8.987892997445258914e+01 9.833002301208080098e+01 3.954820473984832461e+03 1.892525912927419768e+03 -6.890000000000000568e+01 1.330967553285476053e+06 1.629589282412778857e+03 1.032998935033110683e+03
2.600000000000000000e+01 8.912719832797911579e+01 7.664916748032384319e+00 8.129021711229166058e+00 1.908899244128100747e+02 9.092400238748447805e+01 9.614594856563009273e+01 3.666492829298515517e+03 1.155210981006600605e+03 -6.890000000000000568e+01 8.713536823457285063e+05 8.378750008246763628e+02 1.036630408142655597e+03
2.700000000000000000e+01 8.909486674636484338e+01 7.663480138830645494e+00 1.771788120705421576e+00 1.689379911421565339e+02 9.006101914737294578e+01 9.800796828840607589e+01 3.419794054935392978e+03 5.895238981330259094e+02 -6.890000000000000568e+01 1.345371699374535587e+06 2.208833329294235455e+02 1.063616520932609319e+03
2.800000000000000000e+01 8.915825474863045486e+01 7.664414867360759942e+00 3.343059967649641528e+00 1.703301646218521626e+02 9.078177426664792904e+01 9.648857822517153693e+01 3.869975326059397503e+03 1.712468574101397280e+03 -6.890000000000000568e+01 4.589953338491170434e+05 1.430488812872302333e+03 1.046897289285503348e+03
2.900000000000000000e+01 8.909492806598127856e+01 7.663308936064228583e+00 1.765859894069687241e+00 1.689146315275438894e+02 9.020304498956389239e+01 9.774327240673800077e+01 3.417307273900204564e+03 5.918481755365503432e+02 -6.890000000000000568e+01 1.340988974290254526e+06 2.220498254041912105e+02 1.066914155180206762e+03
3.000000000000000000e+01 8.911295569409352879e+01 7.659847159091539126e+00 5.569758902641958720e+00 1.754124103975506728e+02 9.068374788618214666e+01 9.670049414369466945e+01 3.478743848111055740e+03 9.367111728408343652e+02 -6.890000000000000568e+01 8.755005678060931386e+05 5.659896982610946452e+02 1.133947993528026245e+03
3.100000000000000000e+01 8.914566223346575669e+01 7.657938082790385792e+00 2.240806249622042667e+00 1.704489681984261438e+02 9.033997352250806046e+01 9.760258593184045139e+01 3.668392748077264969e+03 1.532247815958995943e+03 -6.890000000000000568e+01 5.899771498745313147e+05 1.190073735436945753e+03 1.171359770122856844e+03
3.200000000000000000e+01 8.912316696692006701e+01 7.657495844113097583e+00 1.782829318138363872e+00 1.688033337827211255e+02 9.064537643073228423e+01 9.694439555358006544e+01 3.506181421522661367e+03 1.134905820348703173e+03 -6.890000000000000568e+01 1.070400433070696658e+06 7.607991804007588144e+02 1.179429243634593831e+03
3.300000000000000000e+01 8.915565290527749198e+01 7.656599848408671249e+00 3.565059127786054383e+00 1.693353505573459472e+02 9.056112720071763533e+01 9.742288066626929322e+01 3.712575086629833550e+03 1.719523129571001846e+03 -6.890000000000000568e+01 2.456022689268295653e+06 1.380694958997759159e+03 1.197316262277998703e+03
3.400000000000000000e+01 8.910124714342568097e+01 7.659759633453538719e+00 4.377037944674196268e+00 1.684347124260221449e+02 8.989752894867741873e+01 9.738516494799512202e+01 3.397129979887823993e+03 7.288147121781101987e+02 -6.890000000000000568e+01 3.813077263733677682e+05 3.425588730762697764e+02 1.135387176360312651e+03
