# id ra dec s L A b x y a flux x_0 y_0
0.000000000000000000e+00 1.723884965431639671e+02 -5.803097688751642558e+00 3.984764084606515322e+00 1.130112078609768815e+02 9.133185718153123389e+01 1.334560658904231047e+02 1.667903240760568451e+03 1.829460564280817607e+02 3.550000000000000000e+01 1.874448450855853967e+06 1.963074929895011337e+03 1.188796564564736400e+02
1.000000000000000000e+00 1.723134376889564123e+02 -5.854498674316771734e+00 4.390956357591506709e+00 1.072936053140759043e+02 9.004254548956848225e+01 1.347666929982087822e+02 1.070908861102828723e+03 1.823897299171523173e+03 3.550000000000000000e+01 6.488162928455886431e+05 5.247631809212592771e+02 1.107667483670818001e+03
2.000000000000000000e+00 1.723620946271074956e+02 -5.865690385859076095e+00 4.333320156616972341e+00 1.132886258753962210e+02 9.124154067024880987e+01 1.335085678435259524e+02 1.955253863001428726e+03 1.459641243586112296e+03 3.550000000000000000e+01 1.509486703930486692e+06 1.456564153914218878e+03 1.323688679317503556e+03
3.000000000000000000e+00 1.723263594766575864e+02 -5.869761401166518233e+00 4.696845377147870870e+00 1.081153874953394762e+02 9.004282146779063112e+01 1.346967156358545026e+02 1.442777239512791311e+03 1.919898264657527761e+03 3.550000000000000000e+01 8.905388511508117663e+05 7.720869898436643552e+02 1.401663533673532584e+03
4.000000000000000000e+00 1.723759885682813433e+02 -5.910242149215594765e+00 4.289576725992986006e+00 1.128806920679574688e+02 9.120227800882173597e+01 1.335044477251102819e+02 2.669633233946177370e+03 2.003113732632114989e+03 3.550000000000000000e+01 1.598090482625239994e+06 1.722100771134368188e+03 2.181635730307574704e+03
5.000000000000000000e+00 1.723528894177182167e+02 -5.919458067580166016e+00 7.246955554258177834e+00 1.181580325242065186e+02 9.002466645059638495e+01 1.346300392162450805e+02 2.412019954995105309e+03 2.405028288610274558e+03 3.550000000000000000e+01 9.907643772517279722e+05 1.279608325411476926e+03 2.358792971428594683e+03
6.000000000000000000e+00 1.723702567929827012e+02 -5.927024472787914888e+00 5.111679173980145485e+00 1.157032431645291410e+02 9.121085142145848579e+01 1.334822451437549660e+02 2.766965720932759723e+03 2.330489384694411001e+03 3.550000000000000000e+01 1.458025601900505600e+06 1.612116172385161008e+03 2.504681814078287061e+03
7.000000000000000000e+00 1.723789553062434265e+02 -5.957699142278807258e+00 1.148546909472956301e+01 1.313273644507945619e+02 8.997075427886906596e+01 1.346422811824151324e+02 3.245961081278032452e+03 2.715067741242676675e+03 3.550000000000000000e+01 1.836595252683418104e+06 1.778301684232233583e+03 3.095383313200293742e+03
8.000000000000000000e+00 1.723106658923733789e+02 -5.991562112336528578e+00 4.579418265659650267e+00 1.134946534390039261e+02 9.133630794720170343e+01 1.334428987565933937e+02 2.558533652212568995e+03 4.004099005170364308e+03 3.550000000000000000e+01 1.542384821758667706e+06 4.702249445346205903e+02 3.746566454252654694e+03
