# id ra dec s L A b x y a flux x_0 y_0
0.000000000000000000e+00 1.073010922997386274e+02 4.878391298782195662e+01 1.410269277560727508e+00 6.188931070292428558e+02 9.033564437059061447e+01 2.192061826787338248e+02 3.734754481088408284e+03 8.150501051623194826e+02 -7.809999999999999432e+01 1.131456208006961793e+08 6.302299406305266984e+02 9.605681328949522140e+02
1.000000000000000000e+00 1.072659613295288779e+02 4.881229612123748751e+01 7.212164780733895775e+00 6.354134401209093994e+02 8.999572756289157383e+01 2.286575985062897871e+02 3.290041188478862750e+03 1.367553049033282605e+03 -7.809999999999999432e+01 3.234427093588035554e+06 1.078903571343671501e+03 1.509133480112530151e+03
2.000000000000000000e+00 1.072646093320238947e+02 4.882433749656065913e+01 1.546358709364004547e+00 6.179208714372049371e+02 9.035060231290169952e+01 2.262889624105211226e+02 3.066756014135198257e+03 1.432383525128100700e+03 -7.809999999999999432e+01 4.572539708360845223e+06 1.096477377874694866e+03 1.741765579047299525e+03
3.000000000000000000e+00 1.072521675459835819e+02 4.883220225286947169e+01 1.820522856813691304e+00 6.184893423260286909e+02 8.998921055753994835e+01 2.287042942602954838e+02 2.949633302969456508e+03 1.619585383223034341e+03 -7.809999999999999432e+01 2.705382803010605276e+06 1.255156807848124572e+03 1.893839280054172377e+03
4.000000000000000000e+00 1.072810922485477789e+02 4.883223374380580140e+01 8.611872127743097849e+00 6.333923798365207176e+02 9.011358786002509191e+01 2.264864856445278178e+02 2.873151350238959367e+03 1.258721706063483680e+03 -7.809999999999999432e+01 3.428310652376688085e+06 8.867884765982844328e+02 1.894160878682075690e+03
5.000000000000000000e+00 1.072691282870150928e+02 4.883389271585166824e+01 8.081464100716633681e+00 6.323610239569235318e+02 9.007146347728877345e+01 2.273030708727098954e+02 2.873339620277487484e+03 1.414252247375242177e+03 -7.809999999999999432e+01 3.064308976153321564e+06 1.039205014631762424e+03 1.926310946601049864e+03
6.000000000000000000e+00 1.072332402693411524e+02 4.883265943725647418e+01 1.146711684290655597e+01 6.660595801957857702e+02 8.997975680787395447e+01 2.270429636626737988e+02 2.990950080513965531e+03 1.856641020336188376e+03 -7.809999999999999432e+01 4.779393260471101850e+06 1.496213317079139415e+03 1.902934552314674420e+03
7.000000000000000000e+00 1.072575720065960496e+02 4.885850814961335686e+01 4.373570364630253948e+00 6.232268985765263096e+02 9.037526508604709363e+01 2.263861243874701188e+02 2.438889361941371135e+03 1.657190420669768173e+03 -7.809999999999999432e+01 2.444659528010837268e+06 1.187043105696478960e+03 2.401957639515084338e+03
8.000000000000000000e+00 1.072457751986500654e+02 4.886664116087501952e+01 2.196552767549256657e+00 6.184178069912984483e+02 8.998399392496757798e+01 2.124355106310310930e+02 2.316371746301433177e+03 1.836762452445955432e+03 -7.809999999999999432e+01 2.485245654028148651e+08 1.337398032879572611e+03 2.559218399867932021e+03
9.000000000000000000e+00 1.072984101795811824e+02 4.886336981621860787e+01 1.060476437678798511e+01 6.516770092273945920e+02 9.023983063488473988e+01 2.265094051590349693e+02 2.239520029214481838e+03 1.168450621203260653e+03 -7.809999999999999432e+01 3.957634009868061170e+06 6.674058368528587835e+02 2.495550693877519734e+03
1.000000000000000000e+01 1.072984030901598516e+02 4.887121782494272537e+01 3.797262611637399754e+00 6.158752132766363729e+02 9.014696649297741260e+01 2.280558105761078025e+02 2.091738588868729494e+03 1.199329356658407733e+03 -7.809999999999999432e+01 2.131902703647284769e+06 6.677908578575047613e+02 2.647160351077934138e+03
1.100000000000000000e+01 1.072691626765257098e+02 4.887423293508213362e+01 5.448706545058814577e+00 6.249918825403649407e+02 9.020088193064735549e+01 2.274385486874456035e+02 2.111026953561144637e+03 1.576016642421963070e+03 -7.809999999999999432e+01 2.666574998071850277e+06 1.039981855121960280e+03 2.705611211537478994e+03
1.200000000000000000e+01 1.072999183183812022e+02 4.888374771483435666e+01 7.310951724473495617e+00 6.261964226879043736e+02 9.018714884439437185e+01 2.278149022798021974e+02 1.850828523214711367e+03 1.231139093557168280e+03 -7.809999999999999432e+01 2.908254932909138501e+06 6.489842078923038571e+02 2.889208800916185282e+03
1.300000000000000000e+01 1.072916713574724668e+02 4.888736487383991403e+01 1.034970625446299408e+01 6.602110257963194044e+02 9.016745907905196589e+01 2.277081423335047248e+02 1.804751115052049727e+03 1.348109433033982441e+03 -7.809999999999999432e+01 4.250844629257440567e+06 7.540347661263468808e+02 2.959126752158571890e+03
1.400000000000000000e+01 1.072445702070572793e+02 4.889602079957669645e+01 1.481573606522883058e+00 6.161091659809368366e+02 9.020797182352838206e+01 2.273972680221793610e+02 1.763860041125340331e+03 1.969865509428049563e+03 -7.809999999999999432e+01 5.253717673308698460e+06 1.353434219941453193e+03 3.126794390179579750e+03
1.500000000000000000e+01 1.072378604563507167e+02 4.891145135389498932e+01 1.442111008161436114e+00 6.156199509867240067e+02 9.017678328418752187e+01 2.274795198792369320e+02 1.488758470342229884e+03 2.114558059885154307e+03 -7.809999999999999432e+01 7.523187078473951668e+06 1.439118284363683870e+03 3.424977785223979936e+03
1.600000000000000000e+01 1.072476998368262429e+02 4.891189061634075586e+01 1.000420714617438733e+01 6.358969165990341708e+02 9.019912460601254622e+01 2.251835792196197019e+02 1.455226821384698496e+03 1.993900985163716314e+03 -7.809999999999999432e+01 4.535381746667791158e+06 1.314019046195940973e+03 3.433327913143782553e+03
1.700000000000000000e+01 1.072439789696262693e+02 4.891455079354985713e+01 1.138032916904149872e+01 6.477692669670004761e+02 9.015932309987937288e+01 2.277603485817096498e+02 1.415288921924194028e+03 2.051045284851615179e+03 -7.809999999999999432e+01 4.735781723419513553e+06 1.361393399259634180e+03 3.484766864888131749e+03
1.800000000000000000e+01 1.072467346048925947e+02 4.892361536265097754e+01 1.756056339123927446e+00 6.170419783478819227e+02 9.023775555481506672e+01 2.274587699990295562e+02 1.236372109099464296e+03 2.053038663788257054e+03 -7.809999999999999432e+01 2.590482926607200876e+06 1.326578184737054244e+03 3.659840377761001037e+03
