# id ra dec s L A b x y a flux x_0 y_0
0.000000000000000000e+00 4.760400384887940106e+01 1.819776966547900443e+01 7.568791994159719039e+00 2.716014548963909760e+02 8.996534400318898861e+01 1.161294628463230936e+02 1.027958717876267656e+03 5.780386096658776296e+02 6.370000000000000284e+01 1.830654394708144246e+06 1.634556430742782595e+03 3.386229860222571233e+02
1.000000000000000000e+00 4.766593584443354104e+01 1.825243042941200855e+01 3.945833969733993474e+00 2.564769665786220116e+02 8.893530462245587387e+01 1.140166570045914796e+02 1.456113428107851178e+03 2.095775471804414792e+03 6.370000000000000284e+01 1.126180276568278670e+07 4.641247802361716595e+02 1.394180865831174742e+03
2.000000000000000000e+00 4.766534578384918319e+01 1.825233992693722485e+01 3.978318964285930459e+00 2.567220083065226390e+02 8.996211535355854494e+01 1.157027412425493651e+02 1.459479826515669629e+03 2.085903749561520726e+03 6.370000000000000284e+01 1.138712861798920110e+07 4.751857384564868880e+02 1.392472764756326796e+03
3.000000000000000000e+00 4.766377963890430181e+01 1.825458760751270049e+01 5.082914099106576877e+00 2.597239911430286838e+02 8.895244488275321260e+01 1.143973206100865525e+02 1.511873145089371974e+03 2.078162771954427171e+03 6.370000000000000284e+01 3.614481507150284015e+06 5.040414013947768126e+02 1.436222008130176164e+03
4.000000000000000000e+00 4.766586341041774233e+01 1.826303308608815001e+01 4.128133860302801494e+00 2.571192762080601142e+02 8.992741647568043106e+01 1.158763964732973477e+02 1.640073461011468225e+03 2.187757444590494742e+03 6.370000000000000284e+01 7.266191610238667578e+06 4.633411966800148889e+02 1.599953218966846180e+03
5.000000000000000000e+00 4.766661224491825521e+01 1.826310923162230182e+01 4.128993343511170089e+00 2.569846790123540927e+02 8.895617094626821597e+01 1.142765315628509484e+02 1.635074342997400436e+03 2.200242701673227657e+03 6.370000000000000284e+01 7.263592741929897107e+06 4.493126358771660875e+02 1.601369724739553931e+03
6.000000000000000000e+00 4.759236035838158330e+01 1.827589629023995954e+01 5.122018609540283762e+00 2.622345416562539526e+02 8.997816554145254031e+01 1.161700701774853428e+02 2.477974929469534800e+03 1.069995939801418899e+03 6.370000000000000284e+01 1.202692219069609651e+06 1.836144689113738877e+03 1.855880069979042901e+03
7.000000000000000000e+00 4.764658945312010729e+01 1.835660209106459106e+01 4.372795995951407555e+00 2.699341920247322832e+02 9.002477741807922484e+01 1.151694465154314173e+02 3.420892240565422071e+03 2.686962068100304805e+03 6.370000000000000284e+01 5.724173838960053399e+05 8.049483223297260110e+02 3.417445640007172187e+03
8.000000000000000000e+00 4.764242955544143143e+01 1.835664119641182168e+01 4.067775836703901859e+00 2.646911423185541139e+02 8.998466734287100621e+01 1.144622916861908948e+02 3.456004191525081296e+03 2.618057266944515959e+03 6.370000000000000284e+01 4.656878073634085013e+05 8.827440622246195971e+02 3.418554926639797486e+03
