# id ra dec s L A b x y a flux x_0 y_0
0.000000000000000000e+00 1.172064169636588957e+02 -2.089580667606982445e+01 2.553547670448768514e+00 3.853073918563196685e+02 8.938913241575566815e+01 1.090154518114174351e+02 9.027597951462347510e+02 1.069121396239826709e+03 6.540000000000000568e+01 4.488966250330323819e+05 1.149298100555272867e+03 4.659883730546094398e+02
1.000000000000000000e+00 1.171848784297877586e+02 -2.089349097048696891e+01 2.056186310289184416e+00 3.736636536754587041e+02 8.990754720437394099e+01 1.097700087666545130e+02 7.000382638752852245e+02 1.402495448197444148e+03 6.540000000000000568e+01 6.007088192765265703e+06 7.619436955514242982e+02 4.208517179176260470e+02
2.000000000000000000e+00 1.172113783072010165e+02 -2.089230248859547245e+01 2.689230261344739858e+00 3.712067156015311866e+02 8.940054309976378022e+01 1.091891369987082498e+02 8.782387147636984537e+02 9.603980132440698299e+02 6.540000000000000568e+01 3.560048364236612106e+05 1.238642027295408752e+03 3.986552698997613788e+02
3.000000000000000000e+00 1.171915859526484809e+02 -2.090384870974709486e+01 2.347615881352808742e+00 3.759639876523194175e+02 8.964214508059785658e+01 1.095356504441464693e+02 9.319978260069842690e+02 1.376146036101438312e+03 6.540000000000000568e+01 8.694131539894411108e+05 8.823126547800445678e+02 6.204392067025936512e+02
4.000000000000000000e+00 1.171846542617209366e+02 -2.089481309748126847e+01 5.348899940515916107e+00 3.699997533996329366e+02 8.962798374328832551e+01 1.096109432060301714e+02 7.216706983340530996e+02 1.417911953946157610e+03 6.540000000000000568e+01 9.302934081994972657e+05 7.578766686109668171e+02 4.463016490741797497e+02
5.000000000000000000e+00 1.172109138128525103e+02 -2.090267458780639487e+01 1.996958191181796849e+00 3.736253827757025192e+02 8.966829166494122205e+01 1.095515079740829378e+02 1.056543504310368462e+03 1.051186675267484816e+03 6.540000000000000568e+01 2.194416602116004564e+06 1.229980638801010855e+03 5.983406017937037404e+02
6.000000000000000000e+00 1.171583462550825629e+02 -2.090613852301372333e+01 1.972191910083179067e+00 3.730551206444517334e+02 8.962797501440050496e+01 1.079561913564108977e+02 7.223617004698038500e+02 1.939164739291792102e+03 6.540000000000000568e+01 3.287246388899560645e+07 2.844079472831703015e+02 6.637512913779637529e+02
7.000000000000000000e+00 1.171780754099445687e+02 -2.089550111817576195e+01 4.182803479443495398e+00 3.699998819216539800e+02 8.971989577971005758e+01 1.096458581593541908e+02 6.845329741441207716e+02 1.530450993438041678e+03 6.540000000000000568e+01 6.518673917390098795e+05 6.395241002512409523e+02 4.593904253402279778e+02
8.000000000000000000e+00 1.172191175388542490e+02 -2.091159070318797930e+01 2.765377805985499649e+00 3.766261983476395017e+02 8.947118662204414363e+01 1.094774723017642089e+02 1.273876289911687991e+03 9.887735723846238898e+02 6.540000000000000568e+01 8.817120307568130083e+05 1.377263151509172530e+03 7.702338005189966452e+02
9.000000000000000000e+00 1.171710996176070125e+02 -2.089625921014743781e+01 4.953532208900260692e+00 3.704199013316006130e+02 9.004261397293169011e+01 1.099373596525662151e+02 6.457835953479143427e+02 1.650490852560658823e+03 6.540000000000000568e+01 2.879308737290250137e+05 5.140312095526138592e+02 4.738240630914180542e+02
1.000000000000000000e+01 1.171927524053523655e+02 -2.090789675558819027e+01 2.020445549241840499e+00 3.732314650706027237e+02 8.925380058590114629e+01 1.087740730482348681e+02 1.011392210122303254e+03 1.390203784746159954e+03 6.540000000000000568e+01 4.027412853214767762e+06 9.031819625155733320e+02 6.984070600708416805e+02
1.100000000000000000e+01 1.172255903930581979e+02 -2.090744825134653340e+01 3.757836662389207660e+00 3.699999190679847629e+02 9.006321444986919289e+01 1.103087051752362129e+02 1.250578491982764035e+03 8.495459744330554486e+02 6.540000000000000568e+01 2.510462751374176005e+05 1.493808627623114262e+03 6.906628492267484489e+02
1.200000000000000000e+01 1.171680967377721601e+02 -2.090755592832845977e+01 2.084094215372558345e+00 3.735631145222205873e+02 9.004553407371976448e+01 1.102813681080125008e+02 8.202754006946763639e+02 1.789683370749167580e+03 6.540000000000000568e+01 1.294177238634028472e+06 4.597434319835691099e+02 6.912554101372817286e+02
1.300000000000000000e+01 1.171792997087976005e+02 -2.089937018495168175e+01 4.424396575655369368e+00 3.704358453487329825e+02 8.899030786096574275e+01 1.089642260355838062e+02 7.609216889539759450e+02 1.541145653665809732e+03 6.540000000000000568e+01 4.444433797032404691e+05 6.614462319491130984e+02 5.339119649458148160e+02
1.400000000000000000e+01 1.172096335876750999e+02 -2.089212281080324729e+01 2.482955621732594320e+00 4.328719465893800589e+02 9.031738187535395923e+01 1.107649820707992916e+02 8.627116335153169757e+02 9.872611316269494637e+02 6.540000000000000568e+01 3.426371805245811120e+05 1.207264088943296883e+03 3.951482894686890859e+02
1.500000000000000000e+01 1.171923845848432677e+02 -2.089944463186152390e+01 3.700155451323707823e+00 3.742394501450216353e+02 8.882149707011522821e+01 1.085158421980206782e+02 8.604111423019538734e+02 1.328107958431863608e+03 6.540000000000000568e+01 3.211476662287046202e+05 8.967971077471960371e+02 5.356660533850547381e+02
1.600000000000000000e+01 1.171763969600085886e+02 -2.089965255299807367e+01 6.447975037719787750e+00 3.699996354441128119e+02 8.949323162969618295e+01 1.110668971920995887e+02 7.449339318949836297e+02 1.590432092922194670e+03 6.540000000000000568e+01 8.680320569825645071e+05 6.092284311013623892e+02 5.392799415905546994e+02
1.700000000000000000e+01 1.171783974051619168e+02 -2.092070711078910250e+01 2.426452444679868314e+00 3.904169756405848375e+02 8.990630901657803520e+01 1.098279933985519961e+02 1.128280164756497925e+03 1.728108424588755724e+03 6.540000000000000568e+01 1.348407303437527735e+06 6.446707639356121717e+02 9.446972827504622501e+02
1.800000000000000000e+01 1.171663263814220102e+02 -2.090040924430438096e+01 3.923648440320234965e+00 3.700909041518825120e+02 9.015643086052452304e+01 1.095051047236728579e+02 6.821926261491298646e+02 1.761885833639551038e+03 6.540000000000000568e+01 4.040342747552427463e+05 4.280749533946402607e+02 5.536182534330919225e+02
1.900000000000000000e+01 1.171727298259699523e+02 -2.089783027448097030e+01 3.390337815112541620e+00 3.704415733709743108e+02 8.910417391725081870e+01 1.087615454671791895e+02 6.847065973455821677e+02 1.636240118242288190e+03 6.540000000000000568e+01 4.550280387111235177e+05 5.433146154923232416e+02 5.041097264276654641e+02
2.000000000000000000e+01 1.172324071552463636e+02 -2.090725805379786095e+01 6.016689883839846154e+00 3.701586080841129274e+02 8.977239000815276881e+01 1.105758731492165907e+02 1.297882481536478053e+03 7.368100801634460595e+02 6.540000000000000568e+01 1.696051642523529008e+05 1.616419321230269361e+03 6.872010032382146392e+02
2.100000000000000000e+01 1.171722266784192783e+02 -2.089793631887394199e+01 4.396150891154464446e+00 3.731189460950787975e+02 8.946390020683833200e+01 1.094109413543979770e+02 6.829298765699392106e+02 1.645404574524894770e+03 6.540000000000000568e+01 5.794705709650074132e+05 5.342619675607934369e+02 5.061398565449018747e+02
2.200000000000000000e+01 1.172221196302661212e+02 -2.091644671042681125e+01 2.051642946977862092e+00 3.736993025658729835e+02 8.980863821665315072e+01 1.097128347775270356e+02 1.381279014120872262e+03 9.779985254566280446e+02 6.540000000000000568e+01 4.741476692201353610e+06 1.431106476455830489e+03 8.638135657847068387e+02
2.300000000000000000e+01 1.171637018790000724e+02 -2.090235721217605303e+01 3.839439189797341889e+00 3.699998281852109017e+02 9.003043355475145404e+01 1.093582877322122044e+02 6.963692355879451270e+02 1.820304485870964072e+03 6.540000000000000568e+01 7.109143011424769647e+05 3.808230247435619731e+02 5.910649112511359817e+02
2.400000000000000000e+01 1.172308426766929443e+02 -2.092317808144295199e+01 3.268318006148687616e+00 3.699999490451866109e+02 8.997560692800739446e+01 1.117728077521409631e+02 1.564938912862331108e+03 8.900354144400669156e+02 6.540000000000000568e+01 7.458805990535090677e+04 1.587772452035237393e+03 9.936687252490104356e+02
2.500000000000000000e+01 1.171961928462010860e+02 -2.091905397844365311e+01 3.768592516743185517e+00 3.742549992406753745e+02 8.931605649383669743e+01 1.090353079684452382e+02 1.232315227350514988e+03 1.423486779688485285e+03 6.540000000000000568e+01 1.213460848230855074e+06 9.647508503410550702e+02 9.133084615526297512e+02
2.600000000000000000e+01 1.171641322084754933e+02 -2.090473999470028232e+01 3.998122539492002137e+00 3.699997482682450141e+02 9.008745137395874281e+01 1.105267855681287017e+02 7.411786503808509678e+02 1.833018600831933099e+03 6.540000000000000568e+01 9.485392692880199756e+05 3.885061637195829007e+02 6.369508925027757869e+02
2.700000000000000000e+01 1.171857645260676293e+02 -2.090202224745807413e+01 3.823960168398032433e+00 4.818520613509409145e+02 8.905700837152964766e+01 1.088797261782946748e+02 8.559072712081569989e+02 1.456887090693377559e+03 6.540000000000000568e+01 3.607427979408823885e+05 7.776562689483798749e+02 5.851291279966342245e+02
2.800000000000000000e+01 1.171869339363188942e+02 -2.090467074961390637e+01 3.640140525411629024e+00 3.699999042054298002e+02 9.001730465309896090e+01 1.106628798052552725e+02 9.109212460166065739e+02 1.458580171868794878e+03 6.540000000000000568e+01 1.793482447332281154e+05 7.986191320831960638e+02 6.361503932822545266e+02
2.900000000000000000e+01 1.172327244020253119e+02 -2.090968875443235930e+01 3.238289440801492169e+00 3.699998673882535059e+02 8.987201982497848007e+01 1.089945915507348957e+02 1.343233036136511828e+03 7.506771998134606747e+02 6.540000000000000568e+01 3.499435716786134290e+05 1.622047059565315976e+03 7.340096531217105849e+02
3.000000000000000000e+01 1.171675579324224969e+02 -2.092112098149858923e+01 2.062077425218896920e+00 3.730786442011971076e+02 8.941551640639134746e+01 1.092009633128995176e+02 1.053194615323791822e+03 1.907380339369525473e+03 6.540000000000000568e+01 1.243470959670097567e+06 4.497233179591585781e+02 9.524153672815117488e+02
3.100000000000000000e+01 1.172384772830528448e+02 -2.090709749160966169e+01 3.961870806081406737e+00 3.701052989124781902e+02 8.997691128350041367e+01 1.100144897428954209e+02 1.341115566938191705e+03 6.364732255526561175e+02 6.540000000000000568e+01 6.799028954170537181e+05 1.725600632566758577e+03 6.842922004553322495e+02
3.200000000000000000e+01 1.171701221763785981e+02 -2.091305444575046124e+01 3.334557611226736551e+00 3.699998361306477932e+02 8.985586024603517785e+01 1.090798806830799208e+02 9.319553916062789085e+02 1.801205639027035431e+03 6.540000000000000568e+01 3.117832807285297895e+05 4.960369745144693638e+02 7.971659637404602563e+02
3.300000000000000000e+01 1.171595292933071590e+02 -2.091821580188195995e+01 2.277177586173099844e+00 4.157688469387265968e+02 8.942256269131080160e+01 1.092627012618215616e+02 9.421379664133588676e+02 2.015899969527228222e+03 6.540000000000000568e+01 5.774651917981598526e+05 3.054042895915399640e+02 8.963042214517919319e+02
3.400000000000000000e+01 1.172032835729315536e+02 -2.092083199879690980e+01 2.417259979423850957e+00 3.973040230285218399e+02 8.977337786957988897e+01 1.099042163144269892e+02 1.317211222800420501e+03 1.322286983901842859e+03 6.540000000000000568e+01 3.293936094238546211e+05 1.092221614906568448e+03 9.477262472138477278e+02
3.500000000000000000e+01 1.172019183725200691e+02 -2.092158494494204746e+01 2.455443128076072679e+00 4.036590426498565876e+02 8.947337732342654704e+01 1.094174098633435364e+02 1.320008369471281640e+03 1.349893937193633064e+03 6.540000000000000568e+01 3.346899432898105588e+05 1.067648338520461493e+03 9.621869042914034935e+02
3.600000000000000000e+01 1.171812726105867313e+02 -2.093228550726929171e+01 2.110436177131210567e+00 3.731166706395747497e+02 8.981989750242678383e+01 1.098488261893845248e+02 1.351860149175079414e+03 1.772776706759825174e+03 6.540000000000000568e+01 1.435147774491596036e+06 6.960782261787123844e+02 1.167688084937328313e+03
3.700000000000000000e+01 1.171654924459795808e+02 -2.093012398858749989e+01 2.051040390953314141e+00 3.730093990092806848e+02 8.947451985732652702e+01 1.091672103383845638e+02 1.195986129157830874e+03 2.015134044170533343e+03 6.540000000000000568e+01 3.665116077220844571e+06 4.123613275647157366e+02 1.125706545699875733e+03
