# id ra dec s L A b x y a flux x_0 y_0
0.000000000000000000e+00 7.351026199831436259e+01 1.233562273568010603e+01 1.766114209288334402e+00 1.456798324859124989e+02 8.836533850295903392e+01 2.792234612946388097e+02 1.540563817682350191e+03 4.276753926412209807e+02 -5.480000000000000426e+00 1.148616770812143572e+07 1.131621051818488922e+03 3.208318773342895724e+02
1.000000000000000000e+00 7.350252225958315933e+01 1.233774714088419344e+01 4.329457156949494845e+00 1.520315647148378275e+02 9.009708798356234638e+01 2.978856878528595189e+02 1.398225049343373712e+03 3.725232724950866441e+02 -5.480000000000000426e+00 2.872961839502409566e+05 9.855060704431479053e+02 2.795469603560295013e+02
2.000000000000000000e+00 7.349629653876989721e+01 1.232874316295619543e+01 5.475095249780513207e+00 1.594294261958446839e+02 9.003783629676874511e+01 2.910485565839073843e+02 1.263022467406527312e+03 5.361033224445128553e+02 -5.480000000000000426e+00 3.107253140766934957e+05 8.662002698094163406e+02 4.548174604665683773e+02
3.000000000000000000e+00 7.351259731627665417e+01 1.231622081536052704e+01 2.442374522512620327e+00 1.478943647500058773e+02 8.834176333609505605e+01 2.796696972436448050e+02 1.544670179237089314e+03 8.073384519844795477e+02 -5.480000000000000426e+00 5.544554887074261205e+05 1.172621587110876135e+03 6.983944415171163200e+02
4.000000000000000000e+00 7.350100727695209457e+01 1.229793829223691226e+01 1.787046153361215861e+00 1.461631619447644539e+02 9.005391788960027100e+01 2.979750015020260321e+02 1.289710245000695750e+03 1.140734153864952759e+03 -5.480000000000000426e+00 2.641663247356434353e+06 9.502538630161542414e+02 1.054275958452722989e+03
5.000000000000000000e+00 7.351003812148725558e+01 1.229781776673190841e+01 1.750991852765667156e+00 1.458349836708457303e+02 8.834541076343479915e+01 2.790351979945083940e+02 1.460393811706622955e+03 1.159394841469368203e+03 -5.480000000000000426e+00 6.933476051529665478e+06 1.121156438737117696e+03 1.056554482874071709e+03
6.000000000000000000e+00 7.350641297659393558e+01 1.229696391571773084e+01 7.915227485366662208e+00 1.663031929041730166e+02 9.007301359430161369e+01 2.981224236912902370e+02 1.389885262462939863e+03 1.169535537639644417e+03 -5.480000000000000426e+00 4.669075348742292263e+05 1.052404135442843199e+03 1.073198735837773256e+03
7.000000000000000000e+00 7.345993134455115126e+01 1.229550416950660541e+01 6.112475006292501511e+00 1.606888079812542571e+02 8.838840709739825741e+01 2.793819803061153948e+02 5.102181349948897946e+02 1.113802057390809523e+03 -5.480000000000000426e+00 7.863014579008629080e+05 1.724230220539735399e+02 1.101877938483219395e+03
8.000000000000000000e+00 7.346571254540218376e+01 1.229228637634294330e+01 3.346081612675721573e+00 1.482065671553342270e+02 8.999492377436855861e+01 2.976959052635164085e+02 6.129918018518382041e+02 1.186052145077368550e+03 -5.480000000000000426e+00 1.561106945356933866e+05 2.813013055882382787e+02 1.164473283113545676e+03
9.000000000000000000e+00 7.349848383125825535e+01 1.228942227389245900e+01 1.879032282024845513e+00 1.461092456804569508e+02 8.845620617333646862e+01 2.801593041228765060e+02 1.225563616814196394e+03 1.301501032780803826e+03 -5.480000000000000426e+00 1.362691709872759413e+06 9.010841190665848899e+02 1.220022333420696214e+03
1.000000000000000000e+01 7.352304411504884740e+01 1.228816386364941593e+01 3.332156564774469754e+00 1.481673001624190249e+02 8.999726950861295904e+01 2.968340343070552194e+02 1.684998837331866525e+03 1.370041119890737946e+03 -5.480000000000000426e+00 1.577272540801950963e+05 1.365733490646015980e+03 1.244320968303615928e+03
1.100000000000000000e+01 7.348729122508972011e+01 1.228524329791528835e+01 6.126361422506302112e+00 1.611205245386527452e+02 8.858913701417672826e+01 2.801281953105310549e+02 1.005857929946895524e+03 1.361314738578494826e+03 -5.480000000000000426e+00 5.772854237317370716e+05 6.885458329584469084e+02 1.301421369805718541e+03
1.200000000000000000e+01 7.346191518071533721e+01 1.229146972682866945e+01 3.698438912586263339e+00 1.498403871554569378e+02 9.001495914459108860e+01 2.953753991324796857e+02 5.399599960935930767e+02 1.195911840560084784e+03 -5.480000000000000426e+00 2.068585631230731960e+05 2.092921106722012041e+02 1.180382868471074971e+03
1.300000000000000000e+01 7.349516428263396506e+01 1.228174218543775176e+01 4.153744580474725723e+00 1.518869324092972306e+02 8.871013096290313626e+01 2.799620169943883070e+02 1.146749385632381291e+03 1.443972370600578415e+03 -5.480000000000000426e+00 4.457797440797486342e+05 8.369816128561478763e+02 1.369505338749463135e+03
1.400000000000000000e+01 7.346178551960780112e+01 1.227822611029505850e+01 6.175265980448123138e+00 1.647832827234584556e+02 8.993075721627697305e+01 2.939174845336774524e+02 5.110336537038411961e+02 1.451120975613635210e+03 -5.480000000000000426e+00 3.530674941192832775e+05 2.046119360445033237e+02 1.438113906286112297e+03
1.500000000000000000e+01 7.348560140238430449e+01 1.227797619525272843e+01 4.758496510912216593e+00 1.540157488890752973e+02 9.001722037241221130e+01 2.830576734327643749e+02 9.589682490772416941e+02 1.498965245177786528e+03 -5.480000000000000426e+00 3.315260912791513838e+05 6.553524808645846633e+02 1.442854805524977337e+03
1.600000000000000000e+01 7.352210905009778230e+01 1.227698960200519984e+01 3.822439082220024709e+00 1.501645408341531436e+02 8.874519459028665835e+01 2.799573294200880582e+02 1.644696749751028165e+03 1.584263740453594437e+03 -5.480000000000000426e+00 4.749624408742452506e+05 1.346203818609991231e+03 1.461788979734869145e+03
1.700000000000000000e+01 7.354124631508560128e+01 1.226995851949594041e+01 3.354522799488903306e+00 1.481795280142903266e+02 8.999331973347182156e+01 2.936116043136814824e+02 1.991990853386946128e+03 1.754993786508156290e+03 -5.480000000000000426e+00 1.727819197789644822e+05 1.707291954477455874e+03 1.598442434165318446e+03
1.800000000000000000e+01 7.350915801765039248e+01 1.227305562524355587e+01 3.289827629429331601e+00 1.488733195143199168e+02 8.855091872039913881e+01 2.802322231791341096e+02 1.392648106249322609e+03 1.637476513730378429e+03 -5.480000000000000426e+00 4.977422089677648619e+05 1.100418329520641691e+03 1.538452060042923677e+03
1.900000000000000000e+01 7.346840063813864674e+01 1.226675636167380645e+01 3.340990990715599906e+00 1.481838267984641675e+02 8.999525062324600810e+01 2.957939147081623901e+02 6.120030265325109440e+02 1.685029822878397681e+03 -5.480000000000000426e+00 1.626746722750477493e+05 3.278987312786489383e+02 1.661292926312544751e+03
2.000000000000000000e+01 7.347071858131546662e+01 1.226088928459967065e+01 1.945640752284548913e+00 1.457738590137739152e+02 8.852024947953484002e+01 2.801920130847507835e+02 6.445641405773033057e+02 1.803394343919219637e+03 -5.480000000000000426e+00 9.355707626679225359e+05 3.707915596236522902e+02 1.775458745281974871e+03
2.100000000000000000e+01 7.354026801697493454e+01 1.224092364893736296e+01 1.859749344779158875e+00 1.456534413151979663e+02 8.994443309631105876e+01 2.924007958954755964e+02 1.913838086410210053e+03 2.315353126208773119e+03 -5.480000000000000426e+00 4.307406259922396392e+07 1.684051978796281219e+03 2.163490433368529011e+03
2.200000000000000000e+01 7.346391431515556292e+01 1.225880021008027576e+01 6.527852152120345863e+00 1.602365807200426957e+02 8.873838090357034503e+01 2.806244813831334000e+02 5.120218305442132305e+02 1.831239101549870156e+03 -5.480000000000000426e+00 6.129281033499890473e+05 2.416428951923405464e+02 1.816145261934723521e+03
2.300000000000000000e+01 7.346033932880455097e+01 1.223154570164284216e+01 5.805428544257498658e+00 1.618043057565215008e+02 8.999958937362529809e+01 2.936175432453370604e+02 3.879996283259757774e+02 2.352733459801569552e+03 -5.480000000000000426e+00 3.278770301490968559e+05 1.693877163495675688e+02 2.346548042342679764e+03
2.400000000000000000e+01 7.354354139602206430e+01 1.223914775011939682e+01 1.846628271646999941e+00 1.453869022241070184e+02 8.846808994004800297e+01 2.766391149749311467e+02 1.973019651379301877e+03 2.355416582994537748e+03 -5.480000000000000426e+00 4.257274554879386723e+07 1.745730557942111545e+03 2.198018071497946949e+03
2.500000000000000000e+01 7.354354816348413237e+01 1.223908654521315498e+01 5.819311215288822225e+00 1.606856125098725840e+02 9.004189812072146992e+01 2.967153705530492402e+02 1.972958031822078283e+03 2.356552926048115751e+03 -5.480000000000000426e+00 3.288238714643679559e+05 1.745848730580178199e+03 2.199209088368130779e+03
2.600000000000000000e+01 7.347363916534617090e+01 1.223565015339440443e+01 3.900872819371576039e+00 1.497939359675762603e+02 8.862608797604842437e+01 2.796753195799527703e+02 6.484190658248970749e+02 2.297251477210179928e+03 -5.480000000000000426e+00 5.391231274326280691e+05 4.218536804004164651e+02 2.266611814500866785e+03
2.700000000000000000e+01 7.348668935628779764e+01 1.224295341209944077e+01 1.745802934129000672e+00 1.454334496364158440e+02 8.991393735371892149e+01 2.927096745240790483e+02 9.087894101795853885e+02 2.178894656444687371e+03 -5.480000000000000426e+00 2.667508897283761948e+07 6.701187694499211602e+02 2.124413927272062210e+03
2.800000000000000000e+01 7.351382002960276907e+01 1.222741247142048415e+01 5.037927472439558407e+00 1.538654575207052062e+02 8.868287877690350740e+01 2.810048819048025166e+02 1.387919776540315524e+03 2.528673327093147691e+03 -5.480000000000000426e+00 6.183463367331230547e+05 1.181154982191364297e+03 2.426659769928330206e+03
2.900000000000000000e+01 7.354730204841152386e+01 1.222615327353746117e+01 3.344912351814020024e+00 1.481693863421749029e+02 9.000108126450885493e+01 2.942157304433468425e+02 2.016999197653412011e+03 2.613022701341271386e+03 -5.480000000000000426e+00 1.657072996595166624e+05 1.814815398578151417e+03 2.450859986769472016e+03
3.000000000000000000e+01 7.353105964772741743e+01 1.222563831113805577e+01 2.304690087536728882e+00 1.469015799971250544e+02 8.846913176988942951e+01 2.801111025425450975e+02 1.709993460292424743e+03 2.594279116848844751e+03 -5.480000000000000426e+00 6.226726878995732404e+05 1.507236545963910885e+03 2.461038946943638621e+03
