# id ra dec s L A b x y a flux x_0 y_0
0.000000000000000000e+00 2.535300614997132413e+02 -1.094497779855853814e+01 3.856428346018502484e+00 5.243761222067621475e+02 8.989762236875026247e+01 7.991422387160956475e+01 3.809398413261316819e+03 7.780685972036116027e+02 -6.979999999999999716e+01 1.651328818178605521e+06 5.406393819966348246e+02 7.837695107733201212e+02
1.000000000000000000e+00 2.534785992525357585e+02 -1.094418777546408172e+01 3.359968575818189418e+00 5.217915290761768574e+02 9.006364545079084394e+01 7.977136809279059548e+01 4.130996189794197562e+03 1.696760708928337408e+03 -6.979999999999999716e+01 1.702657339704765473e+06 1.513450945019610799e+03 7.989915276121370198e+02
2.000000000000000000e+00 2.535038973271145153e+02 -1.094379312772057489e+01 3.116360920613952423e+00 5.217589744838044226e+02 8.986701984189311077e+01 8.000722652527861101e+01 3.958687790640487037e+03 1.250111037903226133e+03 -6.979999999999999716e+01 1.691574972467055311e+06 1.035230514528004733e+03 8.066056144057506572e+02
3.000000000000000000e+00 2.535199210793530824e+02 -1.093958378036899681e+01 9.372719469955734795e+00 5.490757744379575342e+02 9.007692203611914294e+01 7.972453866179336046e+01 3.777988109087728844e+03 9.938550064468054188e+02 -6.979999999999999716e+01 2.982272833127251826e+06 7.323213924840490563e+02 8.876423081669458952e+02
4.000000000000000000e+00 2.535040505101273141e+02 -1.094044105494401720e+01 1.322586372462737891e+01 5.831671338730510570e+02 8.995571282218286058e+01 8.005283076564602140e+01 3.896901357769021615e+03 1.269900606518185896e+03 -6.979999999999999716e+01 3.755149366339535918e+06 1.032334201367773858e+03 8.711470918390624547e+02
5.000000000000000000e+00 2.534999884292628849e+02 -1.093893858218298476e+01 1.410681198062465391e+01 5.915349389765721071e+02 9.008647389941118888e+01 7.988097725355153500e+01 3.896634012561449708e+03 1.352513647851155611e+03 -6.979999999999999716e+01 4.058715388645263389e+06 1.109122479679387652e+03 9.000762544564297514e+02
6.000000000000000000e+00 2.535249124733015833e+02 -1.090312559270148896e+01 6.483886764460084606e+00 5.315656629474357260e+02 9.002540751984457756e+01 8.025586900941215163e+01 3.086176457156893775e+03 1.148059582011501789e+03 -6.979999999999999716e+01 1.798435200591821689e+06 6.379122011254875133e+02 1.589605253764630561e+03
7.000000000000000000e+00 2.535147159281573579e+02 -1.087953388902328733e+01 4.046283954136243644e+00 5.215733123642569353e+02 8.997589507295063527e+01 7.999986536933653269e+01 2.726935118004465949e+03 1.485514061499700347e+03 -6.979999999999999716e+01 1.250976607095371932e+06 8.306676984912483022e+02 2.043850748668451615e+03
8.000000000000000000e+00 2.534997743951362850e+02 -1.087651000581844407e+01 1.410044024011663844e+01 5.805208555030468460e+02 8.998373146185902272e+01 7.988569504447850989e+01 2.770347979820639011e+03 1.770931881097580572e+03 -6.979999999999999716e+01 4.248605003857365809e+06 1.113173206313744913e+03 2.102078070835735161e+03
9.000000000000000000e+00 2.535185211996883368e+02 -1.087879879774726355e+01 1.353078468175168325e+01 5.809768581453547540e+02 9.002321366121780954e+01 7.989534524724204800e+01 2.688172343860518140e+03 1.423412299841444565e+03 -6.979999999999999716e+01 4.168103725324303843e+06 7.587191822783969428e+02 2.058000416762890382e+03
1.000000000000000000e+01 2.535213823280265331e+02 -1.088123042643031901e+01 4.485675368099284910e+00 5.234350867653995465e+02 8.995616937795639956e+01 8.000712912539043487e+01 2.713823389487362419e+03 1.356301774248267066e+03 -6.979999999999999716e+01 1.299067644503235351e+06 7.046256317962352114e+02 2.011178706928803422e+03
1.100000000000000000e+01 2.535102134121904385e+02 -1.087712960124626171e+01 4.761787810309848545e+00 5.254044306313986681e+02 9.000671424136865539e+01 7.990519266580342617e+01 2.713042599574710493e+03 1.581703157065556752e+03 -6.979999999999999716e+01 1.393598409124828875e+06 9.157971376331026931e+02 2.090145856652447947e+03
1.200000000000000000e+01 2.535168488027064200e+02 -1.085473414105572765e+01 1.033809483833502085e+01 5.847040870071369909e+02 8.998139890341015246e+01 7.993304529547880577e+01 2.265715457540645275e+03 1.612961150091260151e+03 -6.979999999999999716e+01 3.403485627749284729e+06 7.903165849536201222e+02 2.521339164907955819e+03
1.300000000000000000e+01 2.534770037444471882e+02 -1.084226702645414520e+01 4.162139164157303561e+00 5.231998068949185381e+02 9.006409860335183737e+01 7.989779912102825676e+01 2.299262901341754969e+03 2.402736463804742925e+03 -6.979999999999999716e+01 1.597211290116084274e+06 1.543761090150916971e+03 2.761367900130652743e+03
1.400000000000000000e+01 2.535058364215453537e+02 -1.085077433685625437e+01 1.239269570306347745e+01 5.981907609501223533e+02 9.008404237838641393e+01 8.001500649187082104e+01 2.265408222229657895e+03 1.834084829228801254e+03 -6.979999999999999716e+01 4.082229773718572687e+06 9.985474226523550669e+02 2.597587426480115028e+03
1.500000000000000000e+01 2.534992581039763877e+02 -1.083785025509272515e+01 7.949982958229210972e+00 5.557669024119250025e+02 8.996827722119495263e+01 8.006681382277501768e+01 2.074966852237399507e+03 2.037084226519672029e+03 -6.979999999999999716e+01 2.568535708120996598e+06 1.122939134329501030e+03 2.846424968637382335e+03
1.600000000000000000e+01 2.534752699413388086e+02 -1.083272589426544030e+01 9.786445866201002985e+00 5.528648401266564179e+02 9.011651306207744483e+01 7.985605537129129061e+01 2.139157141754257282e+03 2.497411450061503274e+03 -6.979999999999999716e+01 3.117672274795020930e+06 1.576561738516337755e+03 2.945067447771576553e+03
1.700000000000000000e+01 2.534927759029639844e+02 -1.084361967760810863e+01 1.269604400452675463e+01 5.804745020328293776e+02 9.003790916501090180e+01 8.010540613455687264e+01 2.221595382847538076e+03 2.113714565744568063e+03 -6.979999999999999716e+01 3.802237266619184054e+06 1.245514210166488283e+03 2.735340088962346726e+03
1.800000000000000000e+01 2.534931846989423150e+02 -1.081432038962448594e+01 2.121990179511433539e+00 5.172754239214666541e+02 9.002065162070775273e+01 7.995068038360115281e+01 1.689279172230777476e+03 2.301898581931754052e+03 -6.979999999999999716e+01 2.262250121616801247e+06 1.237798053561031793e+03 3.299459327284771916e+03
1.900000000000000000e+01 2.534756021003053092e+02 -1.078739562658116391e+01 2.649378400033094216e+00 5.192666827807515801e+02 9.007638493894395992e+01 7.995473309371296011e+01 1.317563501994222406e+03 2.792928716128717042e+03 -6.979999999999999716e+01 1.837603698242846644e+06 1.570350935927880528e+03 3.817839057598578620e+03
2.000000000000000000e+01 2.535157459676501901e+02 -1.079686669005187660e+01 4.580472947106483339e+00 5.294984258452859649e+02 8.993704876916650903e+01 8.004828520231558286e+01 1.226555200442597197e+03 2.017146769088164319e+03 -6.979999999999999716e+01 1.708856765283182263e+06 8.111177995334023763e+02 3.635500798159012902e+03
2.100000000000000000e+01 2.535042408928240434e+02 -1.079280022315900034e+01 1.040489264461898777e+01 5.883008801342110701e+02 9.010613603158225260e+01 7.981004699637367139e+01 1.227904267931595541e+03 2.248244984349938022e+03 -6.979999999999999716e+01 3.593165212866701186e+06 1.028706010343946900e+03 3.713801103405279719e+03
2.200000000000000000e+01 2.535159240056411534e+02 -1.078601792967442385e+01 1.140927364259698784e+01 5.739357936700353093e+02 8.992278852955423929e+01 8.009233444064386731e+01 1.029257312302856008e+03 2.085946734558281605e+03 -6.979999999999999716e+01 3.458189011101166718e+06 8.077407657191320141e+02 3.844377615320900532e+03
2.300000000000000000e+01 2.535153861386769449e+02 -1.077343057764519862e+01 2.782441497171162847e+00 5.193047419756106819e+02 9.014076908558885748e+01 7.977981764039068935e+01 8.052527607204034439e+02 2.179066266655120216e+03 -6.979999999999999716e+01 1.943139800678339321e+06 8.179024247789072888e+02 4.086728597087836079e+03
