# id ra dec s L A b x y a flux x_0 y_0
0.000000000000000000e+00 7.324806210237652238e+01 1.213710503267860652e+01 2.395306374926478910e+00 1.434796423597491639e+02 8.715609330183643522e+01 1.036666994249408162e+02 8.742003021823099971e+02 3.308339807099910672e+02 -5.480000000000000426e+00 1.818517003992793383e+06 4.591521398722448453e+02 2.881875087178808599e+02
1.000000000000000000e+00 7.323956666395670823e+01 1.213222663882209673e+01 1.039884222938715119e+01 1.797835002832357532e+02 9.018501687754475427e+01 1.158887858425237027e+02 7.048890224799060888e+02 4.085606990555536981e+02 -5.480000000000000426e+00 2.114837413859965745e+05 2.986861346861215907e+02 3.813786841505096277e+02
2.000000000000000000e+00 7.326704060673104379e+01 1.213038774726684466e+01 2.518506546826895232e+00 1.436926186201293092e+02 8.697699289248167531e+01 1.030484698718395435e+02 1.215561836830986067e+03 4.957301300979317489e+02 -5.480000000000000426e+00 8.809822206825762987e+05 8.156442862836930772e+02 4.194193384703081620e+02
3.000000000000000000e+00 7.328592983034106112e+01 1.212925039863689136e+01 5.451343470606150987e+00 1.593648280475050569e+02 8.990268839647356458e+01 1.167421570843066547e+02 1.567940410301105203e+03 5.536840067339683173e+02 -5.480000000000000426e+00 8.539167519439361058e+04 1.171087858978609574e+03 4.430970707188114375e+02
4.000000000000000000e+00 7.324486685703890032e+01 1.212648933562973852e+01 2.980803979937621584e+00 1.451210139148695077e+02 8.727647189439224462e+01 1.041571668900417933e+02 7.933124529214223912e+02 5.290613095588533952e+02 -5.480000000000000426e+00 3.545037566649949295e+05 3.978077413252747760e+02 4.924388172748527381e+02
5.000000000000000000e+00 7.326362538597089724e+01 1.208509357334529710e+01 7.229744128145754622e+00 1.656501807925031926e+02 9.007000420239707239e+01 1.152959208646236959e+02 1.063942772266371776e+03 1.357457987606544521e+03 -5.480000000000000426e+00 1.315149699175953865e+05 7.462999500548625065e+02 1.291878124918803906e+03
6.000000000000000000e+00 7.330203239435797968e+01 1.208254732861069058e+01 1.233475280865584089e+01 1.878472084161805071e+02 8.729266379423555122e+01 1.035431897870357290e+02 1.778358498333506304e+03 1.479064583138654370e+03 -5.480000000000000426e+00 5.389272484609647654e+05 1.469112782291882468e+03 1.344508248986628587e+03
7.000000000000000000e+00 7.327226846058582055e+01 1.205915610728099274e+01 1.368028334772332144e+01 2.094815317913100614e+02 8.970224506389470776e+01 1.152185009284796138e+02 1.175161397837043523e+03 1.870916331618700042e+03 -5.480000000000000426e+00 3.222777079837815836e+05 9.061433517436325928e+02 1.792480413917157648e+03
8.000000000000000000e+00 7.328236856028729562e+01 1.206363298210626489e+01 3.698629813004054245e+00 1.491520032514933689e+02 9.005568815626803314e+01 1.049280639039399574e+02 1.373955661172986765e+03 1.804099055718297905e+03 -5.480000000000000426e+00 1.073925324458161485e+05 1.096810452042164798e+03 1.707157024990776790e+03
9.000000000000000000e+00 7.325676549150377070e+01 1.205679074218532243e+01 2.712997960777952411e+00 1.445752546715828828e+02 8.716756086383824709e+01 1.035753818916594895e+02 8.806187060056701057e+02 1.887223365623758127e+03 -5.480000000000000426e+00 4.119256282627687324e+05 6.139753407231000892e+02 1.836599562475036009e+03
1.000000000000000000e+01 7.331673895128413676e+01 1.202996813596490888e+01 5.836530855604284973e+00 1.626912892432374349e+02 8.998423692662655071e+01 1.158171534679672448e+02 1.950998214990253928e+03 2.515127957547945698e+03 -5.480000000000000426e+00 9.146700094890943728e+04 1.740320377758350787e+03 2.358998685803546323e+03
1.100000000000000000e+01 7.327045510331170419e+01 1.203106614276177844e+01 3.092087290066262373e+00 1.458952433472403527e+02 8.722635374239141015e+01 1.038300855521183479e+02 1.085944400668937988e+03 2.406210446188155856e+03 -5.480000000000000426e+00 3.289271014708890580e+05 8.688773434203486659e+02 2.333576792940230916e+03
1.200000000000000000e+01 7.330809923874615208e+01 1.201032854670545369e+01 1.285188150591168998e+01 1.954004832460464911e+02 9.014954496045673693e+01 1.106967533377955277e+02 1.751886917109900423e+03 2.875270139397118328e+03 -5.480000000000000426e+00 3.753059335244996473e+05 1.575495043325556480e+03 2.736649108050654377e+03
1.300000000000000000e+01 7.325601664104199529e+01 1.202468663608085286e+01 3.674519713950975763e+00 1.472134242957297943e+02 8.704165643813072961e+01 1.032402993336101531e+02 8.035506622460934523e+02 2.501311136300787894e+03 -5.480000000000000426e+00 2.744083235909652431e+05 5.962742570933884281e+02 2.455143126741494598e+03
1.400000000000000000e+01 7.324139432943405836e+01 1.199897969814793797e+01 4.411902729578214277e+00 1.535393698383086587e+02 9.002020929575429875e+01 1.164406130373128292e+02 4.789734412687400322e+02 2.966690745373538903e+03 -5.480000000000000426e+00 6.295642811433103634e+04 3.180087582617804287e+02 2.949097145747938612e+03
1.500000000000000000e+01 7.331350357535728790e+01 1.199086986452654457e+01 2.578163914442717530e+00 1.438603113323371190e+02 8.716203994514586384e+01 1.037034961254380221e+02 1.814472030003678356e+03 3.258866082239088882e+03 -5.480000000000000426e+00 6.098956251126066782e+05 1.675165805355560906e+03 3.112089730949471686e+03
1.600000000000000000e+01 7.324483668286853799e+01 1.196056497968747578e+01 2.722792117981238658e+00 1.443183087140248233e+02 8.740163912061754559e+01 1.045672931691840546e+02 4.686104161130608645e+02 3.709608296130834788e+03 -5.480000000000000426e+00 4.159427398284295923e+05 3.785000293504515980e+02 3.689637186467734409e+03
1.700000000000000000e+01 7.329376869644124781e+01 1.193667758059294570e+01 4.043370215879494189e+00 1.516676090671299448e+02 9.010037623555317055e+01 1.147092306408240603e+02 1.339951992597058279e+03 4.259848190340211659e+03 -5.480000000000000426e+00 6.150491869004233740e+04 1.297550666461963829e+03 4.154512757744713781e+03
1.800000000000000000e+01 7.332538038681538239e+01 1.193807413515701299e+01 3.896557133734276146e+00 1.481818883673890923e+02 8.718363129098604247e+01 1.034061841881804327e+02 1.935112624638426496e+03 4.293314848361645090e+03 -5.480000000000000426e+00 2.505165716669454705e+05 1.893181031941404399e+03 4.130482025765819344e+03
1.900000000000000000e+01 7.328808914914820605e+01 1.194343554411774377e+01 4.062192468680719593e+00 1.519657369365295665e+02 8.998950261911241455e+01 1.157180347739024739e+02 1.245989494120317659e+03 4.119903477448776357e+03 -5.480000000000000426e+00 5.537345773524278775e+04 1.191306094008283935e+03 4.023769500188450820e+03
