# id ra dec s L A b x y a flux x_0 y_0
0.000000000000000000e+00 1.224241545962594415e+02 -2.805743846226231852e+01 5.308719353959134857e+00 3.589234107173639359e+02 8.965737720481676831e+01 3.568231138444373300e+02 4.242261858571569064e+03 5.907026686015746009e+02 -8.940000000000000568e+01 1.228699444576092064e+06 5.863825394821259351e+02 4.070732759514868349e+02
1.000000000000000000e+00 1.223841528508759211e+02 -2.805691429772748791e+01 3.618924298251358529e+00 3.645461843943965619e+02 9.022120124988954615e+01 3.515729777223982637e+02 4.236531389412947647e+03 1.271004229201511635e+03 -8.940000000000000568e+01 5.152822509093806148e+05 1.266242496693312887e+03 4.212791442196454454e+02
2.000000000000000000e+00 1.223646591796640024e+02 -2.805339843080316697e+01 4.156614560942813341e+00 3.594859645380597613e+02 8.964850779182464180e+01 3.599931040017254986e+02 4.168920122025318051e+03 1.602484938467679513e+03 -8.940000000000000568e+01 5.642472663214068860e+06 1.597067576512035203e+03 4.909481037375560391e+02
3.000000000000000000e+00 1.223937301799405475e+02 -2.805603539497915122e+01 3.509936914800054097e+00 3.552096278460933263e+02 9.011156398076170149e+01 3.514317705275974504e+02 4.218431221190107863e+03 1.108171531823360283e+03 -8.940000000000000568e+01 3.257960457096020691e+05 1.103312637149131206e+03 4.372525675965099481e+02
4.000000000000000000e+00 1.223935478003647006e+02 -2.805564476744705971e+01 3.219446631664584668e+00 3.411521121001082406e+02 8.959282750099320936e+01 3.587061267740851349e+02 4.210231482813745970e+03 1.111515886225443410e+03 -8.940000000000000568e+01 2.745225741253183223e+05 1.106352456292075658e+03 4.447982229002823260e+02
5.000000000000000000e+00 1.224143408536787661e+02 -2.805104397851967590e+01 4.056445498584769105e+00 3.579933076179473801e+02 9.018664044337114660e+01 3.504797852417781314e+02 4.120716635165365915e+03 7.585393951869375542e+02 -8.940000000000000568e+01 1.992770888898253441e+06 7.521864112254185102e+02 5.313195611284867255e+02
6.000000000000000000e+00 1.223865351118098488e+02 -2.805189190104647778e+01 4.169736886349267202e+00 3.558399035795065970e+02 8.969565312988083861e+01 3.601105334344953803e+02 4.138513447422126774e+03 1.230466194929099629e+03 -8.940000000000000568e+01 2.613254088708274066e+05 1.224979740630210472e+03 5.178201042510979732e+02
7.000000000000000000e+00 1.224087871442906561e+02 -2.804582454403845659e+01 3.881904114720274190e+00 3.989441992783823139e+02 8.994036858085274844e+01 3.521361453579439171e+02 4.019883848608417338e+03 8.532924438940921164e+02 -8.940000000000000568e+01 5.299168050201120786e+05 8.457747354112807443e+02 6.324711221548174080e+02
8.000000000000000000e+00 1.224303553609178721e+02 -2.804288809055011100e+01 6.177314378139507234e+00 3.530652415900289043e+02 8.973233216248591759e+01 3.560647078382703512e+02 3.961973501174951252e+03 4.865833748450498888e+02 -8.940000000000000568e+01 5.624929717369936407e+05 4.786546977904946516e+02 6.867945620355446863e+02
9.000000000000000000e+00 1.223570359389924533e+02 -2.803963765266120589e+01 4.294415425401806097e+00 3.599377965960418351e+02 9.003393866024778447e+01 3.517821098213010487e+02 3.905590798505898874e+03 1.733043623746029880e+03 -8.940000000000000568e+01 1.077594166118441522e+07 1.724606901645131074e+03 7.568485026699927403e+02
1.000000000000000000e+01 1.223829277265899975e+02 -2.804179496205805222e+01 3.311966358121045229e+00 3.613811056074744670e+02 8.993049923794593781e+01 3.574856333491872533e+02 3.944401151116107940e+03 1.292924851695408279e+03 -8.940000000000000568e+01 2.337154674026020803e+05 1.284759493772436372e+03 7.127436816506827881e+02
1.100000000000000000e+01 1.223638190946120687e+02 -2.804142219735002683e+01 3.253279214278806730e+00 3.649999175035190433e+02 8.992072254183798918e+01 3.447470612171885023e+02 3.938796816136131838e+03 1.617455417979589356e+03 -8.940000000000000568e+01 3.078177222617766820e+05 1.609555849420876939e+03 7.218062081175208959e+02
1.200000000000000000e+01 1.223566973325596052e+02 -2.804032842214571630e+01 4.313465212632156209e+00 3.599258292007993987e+02 9.048151366559191899e+01 3.448859702692600990e+02 3.918571263201711190e+03 1.738751363741869454e+03 -8.940000000000000568e+01 1.083910337183525972e+07 1.730466015430482003e+03 7.435702206253623672e+02
1.300000000000000000e+01 1.224389244386802602e+02 -2.803353533615453230e+01 2.532090535846186707e+00 3.438073411351107893e+02 8.916877847951111846e+01 3.648847299374422732e+02 3.780970500711777731e+03 3.408046450322328838e+02 -8.940000000000000568e+01 1.498721052825846709e+05 3.314708773547616829e+02 8.661005254069891635e+02
1.400000000000000000e+01 1.224381743227597781e+02 -2.803382058073076877e+01 3.643438940231678025e+00 3.579055211752795458e+02 9.048478346964034813e+01 3.441889026856327973e+02 3.787489645560000099e+03 3.541297332177646240e+02 -8.940000000000000568e+01 2.937984587487359531e+05 3.442699397641064820e+02 8.606846452546284354e+02
1.500000000000000000e+01 1.223776719994642974e+02 -2.802565974483970734e+01 3.635674132868633279e+00 3.657993635034702606e+02 8.938889009616003989e+01 3.650366322835019446e+02 3.634866869290579416e+03 1.383202257910057597e+03 -8.940000000000000568e+01 4.019311359051829204e+05 1.371659000799159912e+03 1.024183117428259038e+03
1.600000000000000000e+01 1.223989411393146440e+02 -2.802290959480216515e+01 4.335478229787801396e+00 3.600676646479960823e+02 9.031139935004881636e+01 3.461892430697946565e+02 3.580262341119949724e+03 1.021026914973832731e+03 -8.940000000000000568e+01 1.267936671269272827e+07 1.009597819657140008e+03 1.075040079410282260e+03
1.700000000000000000e+01 1.224087523486017659e+02 -2.802348687443277342e+01 6.251435058721005689e+00 3.653344870834401377e+02 8.939679476646587375e+01 3.619804436249627315e+02 3.590178915518231861e+03 8.544201460505128125e+02 -8.940000000000000568e+01 2.178243483702447265e+06 8.428665042617303698e+02 1.062909211957824709e+03
1.800000000000000000e+01 1.224224438881406911e+02 -2.802223780159972932e+01 4.148493112883386402e+00 3.612063373803859463e+02 9.006391636185186655e+01 3.475690768005933364e+02 3.564856140668316129e+03 6.218466753325698164e+02 -8.940000000000000568e+01 5.078924960450199433e+05 6.098699727632755412e+02 1.085550362157479867e+03
1.900000000000000000e+01 1.223990013249862727e+02 -2.801792074602527194e+01 3.980348526722127467e+00 3.595588863195488898e+02 8.965395779668715193e+01 3.579508311102475773e+02 3.482561192673594178e+03 1.020574133863876909e+03 -8.940000000000000568e+01 1.345012172973044217e+06 1.007800483694388504e+03 1.171166202406733646e+03
2.000000000000000000e+01 1.224172505193638756e+02 -2.801737699855992858e+01 4.314793851901443489e+00 3.614766435799575675e+02 9.061972011043026498e+01 3.460075292512637475e+02 3.472186209179770231e+03 7.106296573751623100e+02 -8.940000000000000568e+01 6.131073946168064140e+05 6.974060920237596974e+02 1.179759760991353687e+03
2.100000000000000000e+01 1.223608891135673957e+02 -2.801661859423758827e+01 6.632386468321882056e+00 3.648796568391575192e+02 8.932299194420762944e+01 3.664648425985407698e+02 3.461306532493652412e+03 1.668606279958350342e+03 -8.940000000000000568e+01 1.064386061671902426e+06 1.655666873283672203e+03 1.200043074616487274e+03
2.200000000000000000e+01 1.224188323351509524e+02 -2.801415533316488649e+01 4.230091548918008648e+00 3.603669902703770731e+02 9.036898267658320094e+01 3.461577779387283158e+02 3.410052932508233880e+03 6.832722948909133720e+02 -8.940000000000000568e+01 3.101741871660735458e+06 6.699990149552465937e+02 1.241673781377619207e+03
2.300000000000000000e+01 1.223923677257370457e+02 -2.801206974177807396e+01 3.804374343623757149e+00 3.648098528216641512e+02 8.946146110635878301e+01 3.629657580038960418e+02 3.370664137591785220e+03 1.134075444900088314e+03 -8.940000000000000568e+01 8.007844578801640309e+05 1.119696423962296421e+03 1.284585067280042040e+03
2.400000000000000000e+01 1.224246631149910485e+02 -2.801095532319728321e+01 3.956316552274037335e+00 3.586360063029310936e+02 9.021856362707731591e+01 3.484587783856244982e+02 3.347136037912846405e+03 5.848729309042245177e+02 -8.940000000000000568e+01 9.600522702230247669e+05 5.703400589607057327e+02 1.302722866283734220e+03
2.500000000000000000e+01 1.224227512929406885e+02 -2.799922568634224973e+01 2.989123109879907592e+00 3.181867566973679118e+02 8.939528197613856264e+01 3.605284914808373742e+02 3.121989474960820644e+03 6.176503686057396862e+02 -8.940000000000000568e+01 2.195384042054284364e+05 6.009871205213712528e+02 1.528947036967373379e+03
2.600000000000000000e+01 1.224227596288889117e+02 -2.799965004548240799e+01 3.479172491532592559e+00 3.568217443904565584e+02 9.033273762983660049e+01 3.475838347951228684e+02 3.129678033191191389e+03 6.177749807527872008e+02 -8.940000000000000568e+01 3.051784474578457884e+05 6.009127713163959470e+02 1.520769034091859794e+03
2.700000000000000000e+01 1.224241195055169129e+02 -2.799918718751377966e+01 2.762703343153277036e+00 3.540628154802844847e+02 8.938555975516455021e+01 3.623588946367040080e+02 3.121042317334040490e+03 5.938404250788963736e+02 -8.940000000000000568e+01 1.999612741562253796e+05 5.777119974246338643e+02 1.529544666688129610e+03
2.800000000000000000e+01 1.223876457044047044e+02 -2.799582399564680912e+01 4.323780327762786868e+00 3.602394271781612929e+02 9.040264765514517364e+01 3.455004480065589973e+02 3.059223970750546869e+03 1.214503835206354552e+03 -8.940000000000000568e+01 1.977951534431583807e+07 1.197502518985620100e+03 1.598106658683265778e+03
2.900000000000000000e+01 1.223582093741138550e+02 -2.799317652852290195e+01 4.421291552589895701e+00 3.592086999409512487e+02 8.904328421407640803e+01 3.635248916226895517e+02 3.009632432604204496e+03 1.715766573076646637e+03 -8.940000000000000568e+01 1.094399670474953018e+06 1.697747108817815842e+03 1.652017530380299149e+03
3.000000000000000000e+01 1.223639049726917278e+02 -2.799397278501907849e+01 5.984843280932128806e+00 3.649999860927696886e+02 9.080959515542053850e+01 3.423082954472749861e+02 3.024577646100299262e+03 1.618289292317275340e+03 -8.940000000000000568e+01 1.839967238553268835e+05 1.600995843063024267e+03 1.636123243745504169e+03
3.100000000000000000e+01 1.224411437866290697e+02 -2.799404765112489457e+01 3.568214422110787876e+00 3.581407027570189143e+02 8.902340983583452783e+01 3.633261931665225575e+02 3.019798985088836162e+03 3.048160736350780553e+02 -8.940000000000000568e+01 6.087129649045756087e+05 2.873512756464845097e+02 1.626763752416361285e+03
3.200000000000000000e+01 1.224154259716724766e+02 -2.799111261319374933e+01 3.175633895015165908e+00 3.649999961143117275e+02 9.003087406649719071e+01 3.369240859789680371e+02 2.966063790409132707e+03 7.421071699929956367e+02 -8.940000000000000568e+01 4.954612259419448674e+04 7.242882833085275252e+02 1.686048400378453380e+03
3.300000000000000000e+01 1.224096017454852614e+02 -2.799108307711402333e+01 3.215474675108289659e+00 3.554378956923259238e+02 8.972543180301256882e+01 3.574804870612635455e+02 2.965500704989918631e+03 8.411916610236816041e+02 -8.940000000000000568e+01 2.459634292178046890e+05 8.233429885136959001e+02 1.687222650312511632e+03
3.400000000000000000e+01 1.224091092342594465e+02 -2.799130956123445557e+01 3.493908026565363922e+00 3.567919148689627491e+02 9.004560051601546888e+01 3.525523688160299116e+02 2.969700538558076005e+03 8.496827318661895561e+02 -8.940000000000000568e+01 2.860746755584632047e+05 8.317551975712337935e+02 1.682909400161196572e+03
3.500000000000000000e+01 1.223816063493600268e+02 -2.798501027024196475e+01 3.351479150555013664e+00 3.606075300882625925e+02 8.978951893916136839e+01 3.577181227737483482e+02 2.850057841028632083e+03 1.317819538532870638e+03 -8.940000000000000568e+01 3.093491096076709218e+05 1.298568541755650585e+03 1.807084546237485483e+03
3.600000000000000000e+01 1.223811850150242861e+02 -2.798525589132402658e+01 3.555556280554356796e+00 3.612891860754251638e+02 9.005044244841452894e+01 3.537465383949605666e+02 2.855605042056457023e+03 1.325393297720752571e+03 -8.940000000000000568e+01 3.405953659638431855e+05 1.305772511795635637e+03 1.802393529967893983e+03
3.700000000000000000e+01 1.224029791241462988e+02 -2.798067922505552829e+01 4.269429240458686436e+00 3.601849734886865804e+02 8.969716212463893612e+01 3.573205162559061137e+02 2.765011643093364910e+03 9.547171999528056858e+02 -8.940000000000000568e+01 6.084277195068623871e+06 9.343610860796911766e+02 1.888380478331747327e+03
