# id ra dec s L A b x y a flux x_0 y_0
0.000000000000000000e+00 1.653133235749153016e+02 1.250414654721523178e+01 3.360931449431101115e+00 2.921065410919267151e+02 8.999708930947701901e+01 2.320861204598556924e+02 1.253000415310192466e+03 1.824019410779376585e+03 8.665999999999999659e+01 2.466308407663542312e+05 3.568157598820290559e+02 1.233320945007483715e+03
1.000000000000000000e+00 1.653131181086122581e+02 1.248587813685604431e+01 3.359250952327216044e+00 2.922065560061582232e+02 8.999908330760094088e+01 2.320857813636538083e+02 1.603995587329821547e+03 1.850986425190399586e+03 8.665999999999999659e+01 2.468422392798895016e+05 3.503442465553018224e+02 1.585285504736289795e+03
2.000000000000000000e+00 1.653302319458281602e+02 1.248263929717442977e+01 5.842226191148586878e+00 3.060525033369802372e+02 8.998880828034602075e+01 2.320931586930160790e+02 1.686017980387592161e+03 1.530127969345247493e+03 8.665999999999999659e+01 4.724346808320125565e+05 6.753017388070791185e+02 1.648569492563014592e+03
3.000000000000000000e+00 1.653302089871043847e+02 1.247261561577696831e+01 5.838243393212606769e+00 3.053657948082745293e+02 9.002007965067662099e+01 2.321909467132125826e+02 1.878010514529682496e+03 1.543050158345066848e+03 8.665999999999999659e+01 4.722161431147465482e+05 6.734702370743248139e+02 1.841693383440818252e+03
4.000000000000000000e+00 1.653704201001441447e+02 1.242988034684163701e+01 3.713188624801812665e+00 2.930598080254544584e+02 9.000103850391272431e+01 2.316071590000449874e+02 2.745997183734516966e+03 8.339867125051390531e+02 8.665999999999999659e+01 5.230536006396831945e+05 1.432278577338412106e+03 2.667061244388325122e+03
5.000000000000000000e+00 1.653675030791088716e+02 1.242600605168047601e+01 1.291186441982551436e+01 3.270330876329675789e+02 8.999565365380532000e+01 2.320694155384647672e+02 2.818008316286441641e+03 8.945241159784397951e+02 8.665999999999999659e+01 1.361870817923600785e+06 1.376272255835993747e+03 2.741565997873945435e+03
6.000000000000000000e+00 1.653390684535833657e+02 1.236615312160320634e+01 5.825667691024534633e+00 3.050340844310848638e+02 9.000813927806959214e+01 2.320927555876218946e+02 3.934991528448240842e+03 1.509068254992912671e+03 8.665999999999999659e+01 4.685624283789684996e+05 8.271886525016795986e+02 3.893335400490575012e+03
7.000000000000000000e+00 1.653332217759847822e+02 1.253936135086216908e+01 3.355356805496092054e+00 2.921820073377767812e+02 8.999747273541215975e+01 2.319863851180210190e+02 5.990012405002183868e+02 1.401981964431313600e+03 8.665999999999999659e+01 2.521353888922189362e+05 7.400335738364495910e+02 5.558602644820671230e+02
8.000000000000000000e+00 1.653389192586281808e+02 1.234803825193909077e+01 3.360478249614813340e+00 2.920623120671161246e+02 8.999820129091530418e+01 2.320841645562277051e+02 4.283997330062416040e+03 1.535017173119257677e+03 8.665999999999999659e+01 2.542728583717413712e+05 8.218410020491328396e+02 4.242342834181450598e+03
