# id ra dec s L A b x y a flux x_0 y_0
0.000000000000000000e+00 1.968812354311125148e+02 5.706149151020835575e+01 1.810067916771566310e+00 3.021123590787153148e+02 8.965772064481257075e+01 1.595212817509860770e+02 9.262439767640648824e+02 1.505597689581084524e+03 8.665999999999999659e+01 1.006448497243920574e+06 6.554949677009370816e+02 8.889364918755451299e+02
1.000000000000000000e+00 1.968246797166700048e+02 5.707657102681682915e+01 1.757675041693611995e+00 3.022659729731875586e+02 8.997177405680641016e+01 1.616489104316765690e+02 1.257358805032860573e+03 9.356994422954269339e+02 8.665999999999999659e+01 1.891417466028697323e+06 1.244071241132110117e+03 1.186111869962277297e+03
2.000000000000000000e+00 1.969009297938205805e+02 5.709358677133716498e+01 3.713132135155976066e+00 3.022817150123021293e+02 8.970526884844770166e+01 1.597503849837787016e+02 1.527995414116101529e+03 1.753563669101501091e+03 8.665999999999999659e+01 3.650372050177666824e+05 4.425750426493082159e+02 1.504612928752634616e+03
3.000000000000000000e+00 1.968177116990172806e+02 5.710994583457272711e+01 1.663590222097338867e+00 3.019303038088137328e+02 8.987001866637410785e+01 1.593145893315692092e+02 1.902964181318914370e+03 9.081369175256036215e+02 8.665999999999999659e+01 2.486147889483308792e+07 1.309188651010948433e+03 1.829561157534016502e+03
4.000000000000000000e+00 1.969118451693198324e+02 5.710863136345886204e+01 2.105060481904660552e+00 3.022713389576975374e+02 8.975790153031431373e+01 1.603787776945281394e+02 1.809399235458740804e+03 1.888788835398620677e+03 8.665999999999999659e+01 4.614997490303011145e+05 3.252889402683131266e+02 1.793040916383303284e+03
5.000000000000000000e+00 1.968426002232252472e+02 5.716473768219982077e+01 1.588996828954797991e+00 3.006645649227011745e+02 8.974602246451446774e+01 1.608704400686152951e+02 2.937649523512705400e+03 1.241972102339247385e+03 8.665999999999999659e+01 3.351394606256451458e+06 1.036559876084707867e+03 2.881375050873263717e+03
6.000000000000000000e+00 1.967837251367979832e+02 5.717293721145711771e+01 1.590633897246078288e+00 3.012779184051310040e+02 8.974304272691793471e+01 1.607110040659324852e+02 3.138573870261541288e+03 6.402241162017191982e+02 8.665999999999999659e+01 5.940033548753191717e+06 1.649192254008915597e+03 3.046710737841302944e+03
7.000000000000000000e+00 1.967775512076586608e+02 5.718287503086637713e+01 1.768482209014600404e+00 3.017178962375569427e+02 8.973553455954952085e+01 1.611784309918031681e+02 3.333124322252968341e+03 5.889253130090312425e+02 8.665999999999999659e+01 6.294917954997544875e+05 1.711195164480994208e+03 3.238855237357970054e+03
8.000000000000000000e+00 1.967915770660833630e+02 5.719311464442422732e+01 1.690949640359048267e+00 3.012546457500316706e+02 8.973412461617002123e+01 1.612265049281841698e+02 3.519899155347984561e+03 7.491719454755029801e+02 8.665999999999999659e+01 8.719888021599733038e+05 1.562375457320101759e+03 3.434154930930923001e+03
