# id ra dec s L A b x y a flux x_0 y_0
0.000000000000000000e+00 1.552077935135974656e+02 5.862321328968186585e+00 3.291882319982821770e+00 1.446267749363178154e+02 8.993605425953218457e+01 1.492715056629179173e+02 1.415491381468404370e+03 1.872927590529801137e+03 8.109999999999999432e+01 4.445821522783933906e+05 4.307267236182464671e+02 1.365037451820084243e+03
1.000000000000000000e+00 1.551933497892579510e+02 5.881185916070656994e+00 3.355512561768651647e+00 1.435539570770319244e+02 8.987513535927313058e+01 1.476307397590321671e+02 1.816984576846031814e+03 1.655295867341622397e+03 8.109999999999999432e+01 2.817465013903738582e+05 7.072267310775448550e+02 1.728338394085916207e+03
2.000000000000000000e+00 1.552122264887434255e+02 5.885464238110452939e+00 2.628147054613714229e+00 1.423567521787391286e+02 8.976715276189349879e+01 1.485604610691209189e+02 1.842383797039126421e+03 2.025781288025759295e+03 8.109999999999999432e+01 4.667292604416680406e+05 3.456738216495021447e+02 1.810585077813912903e+03
3.000000000000000000e+00 1.551800814579678160e+02 5.892810547939015819e+00 1.931469026287784496e+00 1.404505609679751217e+02 8.987167458396834263e+01 1.490194751208796617e+02 2.077677199898900199e+03 1.439066415006922171e+03 8.109999999999999432e+01 1.265749581523955101e+06 9.612527986420368507e+02 1.952245247015632003e+03
4.000000000000000000e+00 1.551611735297288703e+02 5.901423900357447572e+00 4.568193255245899032e+00 1.467988759916894992e+02 8.974107281345985143e+01 1.486091469804258907e+02 2.298446083768742483e+03 1.106093629427999986e+03 8.109999999999999432e+01 5.554522746116154594e+05 1.323298407886123641e+03 2.118226352660793054e+03
5.000000000000000000e+00 1.551906507307527363e+02 5.913799765067502712e+00 2.959311110028510328e+00 1.434691181157044184e+02 8.995771634059208566e+01 1.491869944845436180e+02 2.446146366720721289e+03 1.702197142848925296e+03 8.109999999999999432e+01 4.463304242209572112e+05 7.586827323145236051e+02 2.356278609197602691e+03
6.000000000000000000e+00 1.551766541962851136e+02 5.917587752032543058e+00 1.806924805648844501e+00 1.401551527479576293e+02 8.974179226233293605e+01 1.478568869810512751e+02 2.559707861595532449e+03 1.447731294674287028e+03 8.109999999999999432e+01 5.001098861002023332e+06 1.026698534551693456e+03 2.429311722811818072e+03
7.000000000000000000e+00 1.551761883442251531e+02 5.917387798259581722e+00 1.824755592228968659e+00 1.402154344274164828e+02 8.995726508742616545e+01 1.488595168448911465e+02 2.557384892679952372e+03 1.439341209450660699e+03 8.109999999999999432e+01 5.066572158185346983e+06 1.035621479982193478e+03 2.425465493618729397e+03
8.000000000000000000e+00 1.551692399832571141e+02 5.919073418327887026e+00 7.689667367414526389e+00 1.655885589801423521e+02 8.969316138791251092e+01 1.481899395179666215e+02 2.609763672912335551e+03 1.312358316478795814e+03 8.109999999999999432e+01 6.068593125447595958e+05 1.168674114950184276e+03 2.457972489878334272e+03
9.000000000000000000e+00 1.551567505103432438e+02 5.921423695476503823e+00 2.308961980463393626e+00 1.418060151544545704e+02 9.000059131548891855e+01 1.494542813333385709e+02 2.691098365086088052e+03 1.083368402702897811e+03 8.109999999999999432e+01 5.390103825959883397e+05 1.407836257332899095e+03 2.503323097531190342e+03
1.000000000000000000e+01 1.552174519511699486e+02 5.924813133367544893e+00 1.997266379223084254e+00 1.404743174999959479e+02 8.968248411493962635e+01 1.479653741097500017e+02 2.575358204693259722e+03 2.242100353124746562e+03 8.109999999999999432e+01 8.409865004147675354e+05 2.453492931938980632e+02 2.568143720095347362e+03
1.100000000000000000e+01 1.551979780004086820e+02 5.923756099886363202e+00 5.245244502186990232e+00 1.543701925937665749e+02 9.002720062637737897e+01 1.495183553129940890e+02 2.613641724236552818e+03 1.869433365208515397e+03 8.109999999999999432e+01 4.758149591376330936e+05 6.182901538462856479e+02 2.547918814899645895e+03
1.200000000000000000e+01 1.552031383867009424e+02 5.926128747281877551e+00 1.865600574785975851e+00 1.401628027640312837e+02 8.966372448884908408e+01 1.478157910183728063e+02 2.643083105581712971e+03 1.974508584249353589e+03 8.109999999999999432e+01 1.444573313178949989e+06 5.194504037442225126e+02 2.593565026793622565e+03
1.300000000000000000e+01 1.551479565262826270e+02 5.928056725795273429e+00 5.447526656496301634e+00 1.528572783964535802e+02 9.003599250759876327e+01 1.430845706038261369e+02 2.844070542365524943e+03 9.360612657344548779e+02 8.109999999999999432e+01 3.564794202668797225e+05 1.576188566915866886e+03 2.631104154832104086e+03
1.400000000000000000e+01 1.551928577081160370e+02 5.938296701447716153e+00 1.818002520212324891e+00 1.399422642337551963e+02 8.965712183102775157e+01 1.475342408730356851e+02 2.904723837364345854e+03 1.815955365145598080e+03 8.109999999999999432e+01 4.252060132924569771e+06 7.162418159021051451e+02 2.827906774291458987e+03
1.500000000000000000e+01 1.551633029361813669e+02 5.938668343727627530e+00 2.267226870518974646e+00 1.415358570069663529e+02 9.003332874233166194e+01 1.496138185538522407e+02 3.000505021188106639e+03 1.258376064229549684e+03 8.109999999999999432e+01 5.663856063547865488e+05 1.282211729486715740e+03 2.835284524082896951e+03
1.600000000000000000e+01 1.552122497966400658e+02 5.939891351098470551e+00 4.362678405980508600e+00 1.483713880887971470e+02 8.963964543577239397e+01 1.478103980792339769e+02 2.878102436764169852e+03 2.188864152863116033e+03 8.109999999999999432e+01 4.584746548516108887e+05 3.448747122452090252e+02 2.858479227767066277e+03
1.700000000000000000e+01 1.551997907847230636e+02 5.964367311141979044e+00 2.741566976717186854e+00 1.416269653335522491e+02 9.004776649708752245e+01 1.442901887048564333e+02 3.380527864216465332e+03 2.025065893420888870e+03 8.109999999999999432e+01 7.224955166597203910e+07 5.832934944386333882e+02 3.329799899187076335e+03
1.800000000000000000e+01 1.552009062107032094e+02 5.964560496461849937e+00 2.751318114502397716e+00 1.416467319302257977e+02 8.964174516559270955e+01 1.424076415175597390e+02 3.380970091015212802e+03 2.047162074711285641e+03 8.109999999999999432e+01 7.267827669280795753e+07 5.619328785770059085e+02 3.333511750266309718e+03
1.900000000000000000e+01 1.551731324024235903e+02 5.963757267160207931e+00 1.975068806302272106e+00 1.405903157165550397e+02 9.004907420582041766e+01 1.496642259342789032e+02 3.448355785645136166e+03 1.519361762472473174e+03 8.109999999999999432e+01 1.029198703988175490e+06 1.093780388462404517e+03 3.318248386325783486e+03
2.000000000000000000e+01 1.551742442247515896e+02 5.964138442064657930e+00 1.981069811027618588e+00 1.406144777473456600e+02 8.964301282221984479e+01 1.477112367895088880e+02 3.452400186347093950e+03 1.541947976348695647e+03 8.109999999999999432e+01 1.033197487203618395e+06 1.072487031434744495e+03 3.325578631745612711e+03
2.100000000000000000e+01 1.552211851595372423e+02 5.970298581299969598e+00 1.966351136360475094e+00 1.403499838037146503e+02 9.003906885845695740e+01 1.496690998193072062e+02 3.430140680682860420e+03 2.448762281365970011e+03 8.109999999999999432e+01 9.627802684359078994e+05 1.735766208601919516e+02 3.443857571308932620e+03
2.200000000000000000e+01 1.551996469130924652e+02 5.971358442967545699e+00 1.971442919350466561e+00 1.405407634023608239e+02 8.963026852378600040e+01 1.477661089728257764e+02 3.513648940909903558e+03 2.044156761833865176e+03 8.109999999999999432e+01 1.000492626220815815e+06 5.860000731927689230e+02 3.464401974002683801e+03
2.300000000000000000e+01 1.551984776157843271e+02 5.971155221459617302e+00 1.968833448977780787e+00 1.405526463382374516e+02 9.003814583997463217e+01 1.497204318260801301e+02 3.513193075930759278e+03 2.021109752263698283e+03 8.109999999999999432e+01 9.983145424852301367e+05 6.083920720103109261e+02 3.460497322504302701e+03
2.400000000000000000e+01 1.551301730419394289e+02 5.986780870758571460e+00 5.611080559039048232e+00 1.520084853009180392e+02 8.965133256472626044e+01 1.478119780558044170e+02 4.013629773588739681e+03 7.759130659942285320e+02 8.109999999999999432e+01 4.492614771696915850e+05 1.916199258845514805e+03 3.761890707302574810e+03
2.500000000000000000e+01 1.552157830949000186e+02 5.987372296214762635e+00 4.556114741238491028e+00 1.575995299681348456e+02 9.000571136120373694e+01 1.496518977255340417e+02 3.770461439155136304e+03 2.397570577498448984e+03 8.109999999999999432e+01 5.199987358037133235e+05 2.769108709784810571e+02 3.772612704234824832e+03
2.600000000000000000e+01 1.552044120749595493e+02 6.012624152301468072e+00 1.967965243523390528e+00 1.405003713264367491e+02 8.966840139658624764e+01 1.479595292259212158e+02 4.284686466771736377e+03 2.257988068530034525e+03 8.109999999999999432e+01 9.263370553475273773e+05 4.944743572689892517e+02 4.258862701633058350e+03
2.700000000000000000e+01 1.552174456006327716e+02 5.991077804837725118e+00 8.638360211133454314e+00 1.674735952368502012e+02 8.959007487724664998e+01 1.475683611725225433e+02 3.835917594484617439e+03 2.440942114986697561e+03 8.109999999999999432e+01 7.274201700712214224e+05 2.450536318873358255e+02 3.843944800817600481e+03
