# id ra dec s L A b x y a flux x_0 y_0
0.000000000000000000e+00 1.958149779075677088e+02 1.162680743368933278e+01 3.602326541953719374e+00 9.578625583741815319e+01 8.907059309491113197e+01 5.365574067867416375e+01 9.701802377263916242e+02 7.801941613780300031e+02 5.470000000000000284e+01 2.745344941254759324e+05 1.330344174669692165e+03 2.458954390166055646e+02
1.000000000000000000e+00 1.958324826271891084e+02 1.161737968135953203e+01 5.792781375539895805e+00 1.096730527722992008e+02 9.001533458929384324e+01 5.402751682436836234e+01 1.310915501229227857e+03 6.160093201552585924e+02 5.470000000000000284e+01 2.708772064338680357e+05 1.661441156889626654e+03 4.296176841185384774e+02
2.000000000000000000e+00 1.958256618163570693e+02 1.160864386862924924e+01 5.224463534430723755e+00 1.007610489866982704e+02 8.895479785540577211e+01 5.365400636956235303e+01 1.374274449366817180e+03 8.207372300036369097e+02 5.470000000000000284e+01 3.035975629644884029e+05 1.530569091226409910e+03 5.994636256648873314e+02
3.000000000000000000e+00 1.957602845665540201e+02 1.159847865113610155e+01 1.988640539344472380e+00 9.033757299674171293e+01 8.854312807613071357e+01 5.346244708141578172e+01 8.157254905068992912e+02 1.949545633913794518e+03 5.470000000000000284e+01 1.060646775949382456e+06 2.870943612222268939e+02 7.959771215062291958e+02
4.000000000000000000e+00 1.958461591457219981e+02 1.158133115828447934e+01 5.038032795062570735e+00 1.049667324939466369e+02 9.023317275232452062e+01 5.425081476926959567e+01 2.030763379375464865e+03 8.143404976233197203e+02 5.470000000000000284e+01 2.917024151804773137e+05 1.915894328652623471e+03 1.131181112896455943e+03
5.000000000000000000e+00 1.958487222723166497e+02 1.157709817862753354e+01 1.917120285284073855e+00 9.045452936205289518e+01 8.874024329766537278e+01 5.337786054658345591e+01 2.125366052262700578e+03 8.215803480840457951e+02 5.470000000000000284e+01 4.476952945204646327e+06 1.963962303835875446e+03 1.213575606626765421e+03
6.000000000000000000e+00 1.957661810707760139e+02 1.157561113794835173e+01 2.128126988243202344e+00 9.066392536005092495e+01 9.020585932229232640e+01 5.413847956463239086e+01 1.242317262217070265e+03 2.118790472191908066e+03 5.470000000000000284e+01 5.855700194746851921e+05 3.955997651838657703e+02 1.240996875791738148e+03
7.000000000000000000e+00 1.957828613768762125e+02 1.156821935696244452e+01 2.335809322089928308e+00 9.127448054133321875e+01 8.874079151487862305e+01 5.358245369364991717e+01 1.542061150579289460e+03 1.943925633025169645e+03 5.470000000000000284e+01 4.220059900617791573e+05 7.113689430963956966e+02 1.385147720894732629e+03
8.000000000000000000e+00 1.958284460889259719e+02 1.155419775938285021e+01 4.487878917180506910e+00 9.230129152865083597e+01 9.052265943243492075e+01 5.042609122927998300e+01 2.264910925123024299e+03 1.396415773049236350e+03 5.470000000000000284e+01 7.772917430071230233e+07 1.575328457387053959e+03 1.658782099482345529e+03
9.000000000000000000e+00 1.958268026420446688e+02 1.155490321849516100e+01 5.630242223110956346e+00 1.064962295155792305e+02 9.039792978207172780e+01 5.346114004464507019e+01 2.235578648946839621e+03 1.413525216731019555e+03 5.470000000000000284e+01 6.195645884614643874e+05 1.544208753008452959e+03 1.645029281825406088e+03
1.000000000000000000e+01 1.958283431465146407e+02 1.155126249678108152e+01 5.281028773826405676e+00 1.032440963343237996e+02 9.013226924913799110e+01 5.350969393392721685e+01 2.309425577990096826e+03 1.431905603497241600e+03 5.470000000000000284e+01 7.348834844895137940e+05 1.572934187936487433e+03 1.715886661396893942e+03
1.100000000000000000e+01 1.957753318910441749e+02 1.153673948943530192e+01 1.875629650722467012e+00 8.988722152438326418e+01 8.879356620383953214e+01 5.347220432025985559e+01 1.956026668106676425e+03 2.419065357783085801e+03 5.470000000000000284e+01 3.408572269334119279e+06 5.635081288635844885e+02 1.997441443874865854e+03
1.200000000000000000e+01 1.957678759341711157e+02 1.152626184583410485e+01 6.470972550831529446e+00 1.146552263565626788e+02 8.995431088706898493e+01 5.413489561486909452e+01 2.040072655212558857e+03 2.654195968474695746e+03 5.470000000000000284e+01 3.174130260853303480e+05 4.202335398348907347e+02 2.201129723693911728e+03
1.300000000000000000e+01 1.957649009907648292e+02 1.151986925273276974e+01 1.900585206263960103e+00 8.993693586908359805e+01 8.896837068835485240e+01 5.357056378493312110e+01 2.107484476516105133e+03 2.772579918063987861e+03 5.470000000000000284e+01 2.730925894021864980e+06 3.627243344377047833e+02 2.325434793436635118e+03
1.400000000000000000e+01 1.957725863258748689e+02 1.150761380491416475e+01 1.890659568560827175e+00 8.989156411247201106e+01 8.991963997764820249e+01 5.387876481217713120e+01 2.386492327921830565e+03 2.792438090044457567e+03 5.470000000000000284e+01 4.371089360990199260e+06 5.068843752168852461e+02 2.564025374363300216e+03
1.500000000000000000e+01 1.958315009880249136e+02 1.150621983285050476e+01 5.451709989829385705e+00 1.010374695155530560e+02 8.893538725132937373e+01 5.368053817905868641e+01 3.056090667564036266e+03 1.894638366168886250e+03 5.470000000000000284e+01 3.330866677646451863e+05 1.626215290183568186e+03 2.592251918005245898e+03
1.600000000000000000e+01 1.958222257423639689e+02 1.150310855444082669e+01 1.927920398657410939e+00 9.025365024408628756e+01 8.991854640763210682e+01 5.399732339568908657e+01 3.003462530950618202e+03 2.074405036423160709e+03 5.470000000000000284e+01 1.725796834248568863e+06 1.449492647059673345e+03 2.652622940478004693e+03
1.700000000000000000e+01 1.957673903575676491e+02 1.149443960054129832e+01 1.978984664034466601e+00 9.004774981426425029e+01 8.893787370762564137e+01 5.365017035022719227e+01 2.537241913177975221e+03 3.022898828932969536e+03 5.470000000000000284e+01 9.564115707500776043e+05 4.061274715669633224e+02 2.820219629479041487e+03
1.800000000000000000e+01 1.958512818696821398e+02 1.148956259992790052e+01 1.889139610762985866e+00 9.014847644416482808e+01 8.987398737442285324e+01 5.381597059853661591e+01 3.536654816209186265e+03 1.777646825801651175e+03 5.470000000000000284e+01 5.803883151252354495e+06 1.999648307759532372e+03 2.916639405324190648e+03
1.900000000000000000e+01 1.958260624147463602e+02 1.147059256032820329e+01 4.003352859677093534e+00 9.837139669702398237e+01 8.891752474981365140e+01 5.369471089521067597e+01 3.559062980712522403e+03 2.384580911816573916e+03 5.470000000000000284e+01 2.985342781263384386e+05 1.517540268327956255e+03 3.285286830987343819e+03
2.000000000000000000e+01 1.957676307587177007e+02 1.144384342289998457e+01 3.933152432126265641e+00 9.647092539251195831e+01 8.887347087392822687e+01 5.366796635898461432e+01 3.338300074487545317e+03 3.594195850454537776e+03 5.470000000000000284e+01 2.931720920919736382e+05 4.029386369997746442e+02 3.804562089881668271e+03
