# id ra dec s L A b x y a flux x_0 y_0
0.000000000000000000e+00 8.976437984094320655e+01 7.951335335389833503e+00 1.631112593395982246e+00 1.679509154555751707e+02 9.075940430333530173e+01 1.378250833935066453e+02 4.656071504735549752e+03 1.336111545695978293e+03 -6.890000000000000568e+01 1.280767581545116613e+06 1.362315739105646117e+03 1.801908059599389844e+02
1.000000000000000000e+00 8.978380344440897431e+01 7.949531577240640523e+00 1.830589622201030497e+00 1.686458503479071567e+02 9.001824760223694000e+01 1.397639120065943530e+02 4.757123736254681717e+03 1.693881578837263987e+03 -6.890000000000000568e+01 7.344486195065474603e+05 1.732709797645100025e+03 2.148005707250869136e+02
2.000000000000000000e+00 8.974947075850934652e+01 7.945421344627580318e+00 3.708764385289019749e+00 1.742532885033618015e+02 9.072032575927323705e+01 1.378981531368031028e+02 4.447016595394423348e+03 1.112046760975735879e+03 -6.890000000000000568e+01 6.556802568254269427e+05 1.078047878048080975e+03 2.941420754430333204e+02
3.000000000000000000e+00 8.976712545665927223e+01 7.945546180258935998e+00 7.416241255345735084e+00 1.813702024780521072e+02 9.003811134166097929e+01 1.397036300409216096e+02 4.571539500800045971e+03 1.425138725268077906e+03 -6.890000000000000568e+01 8.490354546942426823e+05 1.414703307962244708e+03 2.916417109217597954e+02
4.000000000000000000e+00 8.976573834641223470e+01 7.944639716217585246e+00 1.915795869217278957e+00 1.689300268692961708e+02 9.071961442033656908e+01 1.379292526234224852e+02 4.544636899622054443e+03 1.407135415004318247e+03 -6.890000000000000568e+01 7.265138196130399592e+05 1.388257601627418126e+03 3.091032629817851785e+02
5.000000000000000000e+00 8.979178886702823092e+01 7.944298857876507469e+00 3.858364367333944944e+00 1.676085112520605378e+02 8.996844433774285221e+01 1.397063981943481110e+02 4.718453850004787455e+03 1.872776888290561146e+03 -6.890000000000000568e+01 4.783964588595753303e+05 1.885016983912149499e+03 3.154990574075197287e+02
6.000000000000000000e+00 8.972426968956111182e+01 7.946632241537674446e+00 9.315667810955403638e+00 1.927280607898217397e+02 8.994630182725147449e+01 1.405422643372805283e+02 4.294100141302578777e+03 6.556526843375841054e+02 -6.890000000000000568e+01 1.067091623035047669e+06 5.974867318838917072e+02 2.709402184296372411e+02
7.000000000000000000e+00 8.973947626861324522e+01 7.941759873068616749e+00 4.695272856280282348e+00 1.757037382238975169e+02 9.059032147886875919e+01 1.377161718500701681e+02 4.312225341773920263e+03 9.596426778161142011e+02 -6.890000000000000568e+01 6.622132107624132186e+05 8.874798860492235235e+02 3.646898699032273612e+02
8.000000000000000000e+00 8.979404954928934046e+01 7.937511181414834915e+00 1.793302151985763704e+00 1.682895477657952483e+02 9.010029203020982891e+01 1.393075482123555844e+02 4.612009517402622805e+03 1.959561241682599302e+03 -6.890000000000000568e+01 1.597784052128918236e+06 1.928171849651945877e+03 4.461757911354891348e+02
9.000000000000000000e+00 8.971642042539450301e+01 7.940549236157351309e+00 4.221289502077850919e+00 1.723745882319563805e+02 9.042859293705822665e+01 1.381181355814296978e+02 4.131434161260566725e+03 5.576161960125431278e+02 -6.890000000000000568e+01 6.452645893784402870e+05 4.478309403244460896e+02 3.880939958206523670e+02
1.000000000000000000e+01 8.978512293544756062e+01 7.938653038732867095e+00 1.485495241382509324e+00 1.677141970922529595e+02 9.029438436408754853e+01 1.387787885717301606e+02 4.570340848790267955e+03 1.793221354496158938e+03 -6.890000000000000568e+01 3.756249662376594730e+06 1.757940139984932102e+03 4.242517239817548216e+02
1.100000000000000000e+01 8.977323858087615349e+01 7.939874290459415285e+00 4.228895618763082176e+00 1.708603911022860586e+02 9.002259866320916615e+01 1.386127361247611418e+02 4.510480833009170965e+03 1.573180413725223389e+03 -6.890000000000000568e+01 5.580033562408817234e+05 1.531307253309212683e+03 4.008137390346277016e+02
1.200000000000000000e+01 8.976319534839072389e+01 7.940165521996430442e+00 7.521102804199361280e+00 1.911201567497899418e+02 9.039196577881651251e+01 1.379019062301281338e+02 4.447754705185850071e+03 1.392826361181325183e+03 -6.890000000000000568e+01 9.953570858169621788e+05 1.339789455104327089e+03 3.952658233535352110e+02
1.300000000000000000e+01 8.977806463511201684e+01 7.937090152867222415e+00 1.467533796750315034e+00 1.675264838959937208e+02 9.033437134264933377e+01 1.386716384148188865e+02 4.494256223318559023e+03 1.678882530942731137e+03 -6.890000000000000568e+01 3.468494632321652491e+06 1.623353077011147434e+03 4.543903223771771422e+02
1.400000000000000000e+01 8.976405429469116370e+01 7.938582530950527349e+00 6.648990801442746346e+00 1.829620899489368071e+02 9.031862430493038119e+01 1.387128162882444258e+02 4.424656782510409357e+03 1.419256564444324567e+03 -6.890000000000000568e+01 8.851538012110253330e+05 1.356177463379360688e+03 4.257404203496925561e+02
1.500000000000000000e+01 8.972473346300174057e+01 7.934512268687758940e+00 2.643822985261548464e+00 1.679410778610452439e+02 9.028571331242613951e+01 1.387866977646278031e+02 4.080743871144059540e+03 7.478315105775012626e+02 -6.890000000000000568e+01 2.791208305773177650e+06 6.063755721722478711e+02 5.043007544225191623e+02
1.600000000000000000e+01 8.972474241104875148e+01 7.934608799238516141e+00 2.644521240489717151e+00 1.679431468304550492e+02 9.017235853378016941e+01 1.390833346553332319e+02 4.082345430396569100e+03 7.473868168171029538e+02 -6.890000000000000568e+01 2.793318745974510442e+06 6.065458455165291980e+02 5.024420882630951155e+02
1.700000000000000000e+01 8.975731171429738708e+01 7.930461143829736770e+00 3.866243053597832713e+00 1.728788801477698769e+02 9.048581098853942706e+01 1.383104589269759686e+02 4.231518617566919602e+03 1.355295705477966294e+03 -6.890000000000000568e+01 5.927003957695025019e+05 1.227643511601528644e+03 5.821500816274535737e+02
1.800000000000000000e+01 8.978886817049057356e+01 7.927510744742591875e+00 1.862493828213381164e+00 1.686868687077306390e+02 9.026829480529913496e+01 1.390791635122441789e+02 4.396646402802855846e+03 1.937577202661230331e+03 -6.890000000000000568e+01 7.569049778771586716e+05 1.829431766581318470e+03 6.387640609808960335e+02
1.900000000000000000e+01 8.976484125402568282e+01 7.926102021481121085e+00 1.480852583851574700e+00 1.673182806192253906e+02 9.046518882372259895e+01 1.383827964011382790e+02 4.204197708768368102e+03 1.519443222163833752e+03 -6.890000000000000568e+01 3.859465963386969641e+06 1.371252579111367822e+03 6.660398730062440791e+02
2.000000000000000000e+01 8.978321896246528411e+01 7.915425458753418297e+00 2.107017222349417906e+00 1.689719133642665554e+02 9.031047098007194052e+01 1.355475964407773120e+02 4.139898772181902132e+03 1.920374290386801476e+03 -6.890000000000000568e+01 6.452553148391297460e+07 1.721778718159589062e+03 8.714958033387075602e+02
2.100000000000000000e+01 8.976725152333698077e+01 7.927776513986609430e+00 1.005238498401182845e+01 2.044677091198594781e+02 9.023670766133602683e+01 1.386451132016820509e+02 4.251083700162708737e+03 1.551276095893323827e+03 -6.890000000000000568e+01 1.274580420533627970e+06 1.417206528651334111e+03 6.337846394293527510e+02
2.200000000000000000e+01 8.979318907973845398e+01 7.927653222258324028e+00 9.180568835918348825e+00 1.934491351274758415e+02 9.025158376076321076e+01 1.384660440314511902e+02 4.428522749527031920e+03 2.013091922773738133e+03 -6.890000000000000568e+01 1.061151498774265405e+06 1.911829499035450453e+03 6.359906371743760474e+02
2.300000000000000000e+01 8.978215080678155857e+01 7.925639575906372691e+00 1.664237952446462776e+00 1.681202117919912666e+02 9.049316985454112228e+01 1.384295368072790495e+02 4.316111279880450638e+03 1.830476882247052117e+03 -6.890000000000000568e+01 1.136712415281223599e+06 1.701345003922644082e+03 6.748372618813656345e+02
2.400000000000000000e+01 8.978954889766292524e+01 7.924028056758105620e+00 6.487233888149121164e+00 1.810519802405678149e+02 9.026039826064327087e+01 1.391338971264166560e+02 4.336848577606854633e+03 1.973170843839553299e+03 -6.890000000000000568e+01 7.810554253518821206e+05 1.842435908861898952e+03 7.058161759297795470e+02
2.500000000000000000e+01 8.976573998067640048e+01 7.920935862157917562e+00 1.481970257047074524e+00 1.673970847941145905e+02 9.049500089783907697e+01 1.383515487091527518e+02 4.118765023239978291e+03 1.571270663875086711e+03 -6.890000000000000568e+01 3.247257897286009043e+06 1.388419614943458100e+03 7.655054171571755433e+02
2.600000000000000000e+01 8.977678459745159500e+01 7.921783485988785678e+00 3.622839309625817794e+00 1.733788419956958080e+02 9.022869520321589221e+01 1.391259314306370243e+02 4.208741117820601175e+03 1.761582177957350268e+03 -6.890000000000000568e+01 6.732658566199372290e+05 1.599035504398388639e+03 7.491181253440045111e+02
2.700000000000000000e+01 8.974952645740104629e+01 7.920426505818668694e+00 1.766537566453719288e+00 1.681312610830493668e+02 9.050696626650903909e+01 1.384030075676177205e+02 3.997939799123094417e+03 1.286257152736872513e+03 -6.890000000000000568e+01 8.988017696377360262e+05 1.079230291151690835e+03 7.754007694385243212e+02
2.800000000000000000e+01 8.978359962723293108e+01 7.912852567180836516e+00 5.440871159902683551e+00 1.754965541904824704e+02 9.016641251057694717e+01 1.391412723248345458e+02 4.096074409094302609e+03 1.945472505251771054e+03 -6.890000000000000568e+01 1.236913246183797251e+06 1.729054306130471559e+03 9.210324003721959798e+02
