# id ra dec s L A b x y a flux x_0 y_0
0.000000000000000000e+00 1.195691114436265110e+02 5.679163562985901592e+01 6.155465004769465232e+00 3.699996137514572183e+02 9.001566085568090614e+01 4.999727155613550167e+01 1.143093216508595106e+03 8.449740752280349625e+02 6.540000000000000568e+01 1.128070531355669722e+06 1.453459711455321212e+03 5.913301728002704749e+02
1.000000000000000000e+00 1.196173713714358087e+02 5.679645974473849890e+01 6.172820802200147838e+00 3.699996356265689883e+02 9.002294097312532983e+01 4.999957650444473956e+01 1.010052754536154339e+03 1.350217625562083640e+03 6.540000000000000568e+01 1.032849657487751101e+06 9.389394210224095332e+02 6.806914723252102704e+02
2.000000000000000000e+00 1.195950922665147118e+02 5.684963323650298861e+01 5.110863327111407450e+00 3.699996131740752503e+02 9.000031426007832636e+01 4.999177304604526739e+01 2.042993252690333520e+03 1.584082051478552330e+03 6.540000000000000568e+01 5.868420078462759266e+05 1.155832569984975407e+03 1.716657798686100477e+03
3.000000000000000000e+00 1.196401534671882985e+02 5.683740366315566916e+01 5.102118014020938119e+00 3.699996120286733685e+02 9.000076645811364529e+01 5.000460417808361058e+01 1.625000680493034224e+03 1.914094006874700426e+03 6.540000000000000568e+01 5.962286319410782307e+05 6.821995686333057165e+02 1.474879104990037604e+03
4.000000000000000000e+00 1.196379978671400721e+02 5.687307750660004046e+01 5.817578964957871968e+00 3.699996024774682724e+02 9.001219053456341612e+01 4.999980802513938727e+01 2.260996569955745599e+03 2.193832759880162939e+03 6.540000000000000568e+01 8.919604837220151676e+05 6.922340510865001306e+02 2.168737539316421135e+03
5.000000000000000000e+00 1.196237685586772557e+02 5.687422193065016529e+01 6.181426897750798233e+00 3.699995691901925738e+02 9.001192433790505731e+01 5.000122656998475890e+01 2.344994091858916363e+03 2.067294908226725056e+03 6.540000000000000568e+01 9.539564419961306266e+05 8.426731520542621183e+02 2.192215915979656074e+03
6.000000000000000000e+00 1.196530555363730883e+02 5.691543407386321718e+01 5.091469913230297628e+00 3.699995741509907248e+02 9.000331060460513299e+01 5.000424481200905547e+01 2.936000961054934123e+03 2.695283494482486276e+03 6.540000000000000568e+01 6.143612346423671115e+05 5.175316058137093478e+02 2.991089186411472838e+03
7.000000000000000000e+00 1.195889089442425188e+02 5.696308248048781309e+01 5.072136442478744733e+00 3.699995848969535359e+02 8.999158879244579623e+01 5.000481811683381750e+01 4.057996442153374119e+03 2.482864511566302554e+03 6.540000000000000568e+01 5.940257162642506883e+05 1.179006233376365799e+03 3.923205401986192101e+03
8.000000000000000000e+00 1.195931420482462357e+02 5.697426716006765446e+01 4.737676190651920471e+00 3.699996062870802120e+02 8.999431440314096164e+01 5.001561998023916544e+01 4.235002120747882145e+03 2.617124153648096126e+03 6.540000000000000568e+01 5.720979018286328064e+05 1.130068122491349186e+03 4.140294541428496814e+03
