# id ra dec s L A b x y a flux x_0 y_0
0.000000000000000000e+00 8.016180435017884065e+01 1.346774288841071154e+01 3.684549174118401993e+00 1.199733337035536778e+02 8.940090841743247552e+01 2.682982624209951723e+02 4.281831618840576994e+03 7.010841796096558483e+02 -6.890000000000000568e+01 2.455222790928069502e+06 6.350878232815473439e+02 2.999888752578132198e+02
1.000000000000000000e+00 8.017056488351330756e+01 1.351514977716177945e+01 5.128503535459393525e+00 1.729366706852019320e+02 9.000116486080177935e+01 2.758319761339413390e+02 3.371006739146524524e+03 8.779838024914594143e+02 -6.890000000000000568e+01 1.379427570995925693e+06 4.720267052638024552e+02 1.212901220645431522e+03
2.000000000000000000e+00 8.010281173332698756e+01 1.352901338801928155e+01 2.775904572780544033e+00 1.164890419646911113e+02 8.947576849458006620e+01 2.678831649456190007e+02 3.579169215028782673e+03 2.156756084893524530e+03 -6.890000000000000568e+01 1.026611857988268323e+07 1.740587656047121072e+03 1.478663298258839404e+03
3.000000000000000000e+00 8.017513701324195097e+01 1.354057888730648784e+01 2.758177222095251846e+00 1.170654541533207151e+02 8.995834046700633735e+01 2.653669731175634183e+02 2.883146307835677817e+03 9.743705684389200314e+02 -6.890000000000000568e+01 1.044102210864677653e+07 3.869654604326473191e+02 1.702586785030845022e+03
4.000000000000000000e+00 8.012452724322791653e+01 1.354163848708499529e+01 3.247636323441993600e+00 1.176927083434940471e+02 8.947642950053968036e+01 2.680446353491231548e+02 3.206049402916562940e+03 1.864841388950122791e+03 -6.890000000000000568e+01 3.007253412047641352e+06 1.334306810814718347e+03 1.722070538779665185e+03
5.000000000000000000e+00 8.010038250303186658e+01 1.354632931561601339e+01 1.199084374461668645e+01 1.890489019628172400e+02 9.053448800014616893e+01 2.658079362717887193e+02 3.284387569339328365e+03 2.319176577408517915e+03 -6.890000000000000568e+01 4.405951965512155555e+06 1.786318567774683288e+03 1.812015557578120934e+03
6.000000000000000000e+00 8.015815972757921770e+01 1.354785981248301674e+01 3.338356941052008864e+00 1.182822337707478937e+02 8.901085305206812848e+01 2.708519264644155555e+02 2.867324644433740559e+03 1.321535797845040861e+03 -6.890000000000000568e+01 3.560881315796182957e+06 7.048923112844290699e+02 1.842438954805080812e+03
7.000000000000000000e+00 8.010086359321041982e+01 1.359909277851441800e+01 4.766477964341584439e+00 1.716914498600502554e+02 9.002627770198300539e+01 2.637633533716986562e+02 2.334028311709029367e+03 2.677083692284581048e+03 -6.890000000000000568e+01 1.403961382153517799e+06 1.778102283387669331e+03 2.827885902901766258e+03
8.000000000000000000e+00 8.011097976643461038e+01 1.361276953404233936e+01 1.054244469931115979e+01 1.651839885283237095e+02 8.953571586874200250e+01 2.683602959448771230e+02 2.020706830336640678e+03 2.596163504076241225e+03 -6.890000000000000568e+01 3.851206765311197843e+06 1.589009288827229284e+03 3.091356158167324793e+03
