# id ra dec s L A b x y a flux x_0 y_0
0.000000000000000000e+00 2.532809968802548042e+02 -1.028445706317642738e+01 4.011848841899944951e+00 5.239670233701278903e+02 9.017277882570684255e+01 8.131465679703997296e+01 4.051838488517252244e+03 1.327791247861638112e+03 -6.979999999999999716e+01 1.648156106793025974e+06 1.139591417135296524e+03 7.455316446083131723e+02
1.000000000000000000e+00 2.532861702574707010e+02 -1.030583052948218103e+01 1.287341464514218004e+01 5.711362193725066163e+02 9.002090596689188828e+01 8.159200895728380942e+01 3.700119501937334917e+03 1.561864224552688256e+03 -6.979999999999999716e+01 3.836235493581837974e+06 1.237876836126958324e+03 1.156975502681276794e+03
2.000000000000000000e+00 2.532937480435159046e+02 -1.031708167451584401e+01 1.036025894377519840e+01 5.869533807995239840e+02 9.013059597300811276e+01 8.136565402488946575e+01 3.545778227800725745e+03 1.771618019972010188e+03 -6.979999999999999716e+01 3.478889406922269613e+06 1.381563238709525649e+03 1.373502351432445266e+03
3.000000000000000000e+00 2.532895640702914477e+02 -1.032283132448823082e+01 1.110447713396949787e+01 5.668581945987093604e+02 9.004789476398292436e+01 8.154081528629342301e+01 3.415118151992495768e+03 1.735564489202718732e+03 -6.979999999999999716e+01 3.262303196982119232e+06 1.302384684516724519e+03 1.484253759552098927e+03
4.000000000000000000e+00 2.533010480292251998e+02 -1.032700083064914409e+01 1.339504848241874413e+01 5.919227942949354428e+02 9.016072004349604185e+01 8.140764794834593943e+01 3.415645441568470233e+03 1.966730113252141791e+03 -6.979999999999999716e+01 4.015064173154452816e+06 1.519960893633498472e+03 1.564390345002745562e+03
5.000000000000000000e+00 2.532962124291060775e+02 -1.033206651945071108e+01 1.092863620815627179e+01 5.766432498650141270e+02 8.997050760517171852e+01 8.159168221378578778e+01 3.291615310278597462e+03 1.914806058509853528e+03 -6.979999999999999716e+01 3.310203817776633427e+06 1.428431317195714655e+03 1.661979269405224159e+03
6.000000000000000000e+00 2.532768887781662954e+02 -1.034811511820688068e+01 2.019597656100729388e+00 5.186133679517243991e+02 9.022882207046779968e+01 8.120999951959572627e+01 2.875120558464413989e+03 1.678759675261577740e+03 -6.979999999999999716e+01 2.546830293591502123e+06 1.062639792539552673e+03 1.971212585820358981e+03
7.000000000000000000e+00 2.532975697759852665e+02 -1.033661326028176575e+01 1.375795070992935365e+01 5.917682834857563421e+02 9.009308024334477238e+01 8.169763382608192614e+01 3.219380406180094269e+03 1.969446418036864770e+03 -6.979999999999999716e+01 4.089936640923492610e+06 1.454197509441685497e+03 1.749502296339616350e+03
8.000000000000000000e+00 2.532622986082985790e+02 -1.036399721279212294e+01 5.481377695703502972e+00 5.291315560110742808e+02 9.013701005176899628e+01 8.146650771804432623e+01 2.492990927341564657e+03 1.524716093719248875e+03 -6.979999999999999716e+01 1.848292282739714254e+06 7.865312754679217733e+02 2.277194821916893034e+03
9.000000000000000000e+00 2.532840349785499825e+02 -1.035781487771074083e+01 4.000261659916062307e+00 5.208626524539381535e+02 8.998345468269187108e+01 8.155941857842074683e+01 2.747805451144365179e+03 1.870076675594071048e+03 -6.979999999999999716e+01 1.207332937337989453e+06 1.198118573216447203e+03 2.157870568847760296e+03
1.000000000000000000e+01 2.532591700036447548e+02 -1.035324797080850345e+01 1.430490503449728656e+01 5.993433416800643272e+02 9.014413860202233764e+01 8.130011499296220734e+01 2.666067854606331366e+03 1.397393829201438848e+03 -6.979999999999999716e+01 4.273505376405376941e+06 7.271189603965774495e+02 2.070281800539565211e+03
1.100000000000000000e+01 2.532954462676391074e+02 -1.036185575282353355e+01 4.574428368352843499e+00 5.240302627836609872e+02 9.007924625971770638e+01 8.156559227284340352e+01 2.748572548832522898e+03 2.099496864223465309e+03 -6.979999999999999716e+01 1.350981561509537511e+06 1.414293838341825449e+03 2.235527038459555115e+03
1.200000000000000000e+01 2.532963827133315533e+02 -1.036306515483899204e+01 5.250654443413408146e+00 5.351077242234331379e+02 8.999730567935844761e+01 8.145734208618269179e+01 2.732661570740940533e+03 2.124237408973577658e+03 -6.979999999999999716e+01 1.854204942118951352e+06 1.432044569610755843e+03 2.258800463918588321e+03
1.300000000000000000e+01 2.532518764228918258e+02 -1.039023065332266071e+01 1.851944264430120279e+00 5.180032288117621420e+02 9.023879282166450366e+01 8.121451584756704278e+01 1.950067377027116436e+03 1.514184570742806045e+03 -6.979999999999999716e+01 3.153530211428132840e+06 5.895427130881515723e+02 2.782424281368398624e+03
1.400000000000000000e+01 2.532676291415005494e+02 -1.039435759930852399e+01 8.053305564493010493e+00 5.409149129431548317e+02 9.008259774552880117e+01 8.169367761539572825e+01 1.979258782317858049e+03 1.821749774727618615e+03 -6.979999999999999716e+01 2.426295429749675095e+06 8.879206679844224936e+02 2.861654595466289265e+03
1.500000000000000000e+01 2.532969076513586231e+02 -1.039504203209821576e+01 2.394737290598867752e+00 5.192416757320384022e+02 9.013557358527162933e+01 8.143974913171112462e+01 2.157922441309919577e+03 2.347028567234032835e+03 -6.979999999999999716e+01 1.980669351585371653e+06 1.442385569704896170e+03 2.874450183428530636e+03
1.600000000000000000e+01 2.532647689711112946e+02 -1.041996032049179099e+01 1.814186370206126719e+00 5.174525936034680171e+02 9.018346992563226650e+01 8.126545595160607149e+01 1.498553250586851846e+03 1.941333023997727651e+03 -6.979999999999999716e+01 4.356492750379111618e+06 8.341264690624548166e+02 3.354628270675984822e+03
1.700000000000000000e+01 2.532840385432252219e+02 -1.040631536155435022e+01 1.393041411953899100e+01 5.930337502721389455e+02 9.017567670524439905e+01 8.162526196319714700e+01 1.870867738646528551e+03 2.193044456654702117e+03 -6.979999999999999716e+01 4.168994451611883007e+06 1.198829580368797906e+03 3.091658919057371804e+03
1.800000000000000000e+01 2.532790788831855480e+02 -1.043281211171441569e+01 1.130986963552401825e+01 5.578285165532793144e+02 9.005744098551305399e+01 8.157612154391486570e+01 1.360512893092394734e+03 2.281301238658116290e+03 -6.979999999999999716e+01 3.563590909631353337e+06 1.105270145867102201e+03 3.601869661113753409e+03
1.900000000000000000e+01 2.532717759324806082e+02 -1.043920896967842005e+01 5.433455841123372210e+00 5.268493225083702782e+02 9.012450532485156884e+01 8.143409227417784280e+01 1.196144415821539042e+03 2.193946723578703313e+03 -6.979999999999999716e+01 1.715638314945137361e+06 9.670785929590638261e+02 3.725127861704327188e+03
2.000000000000000000e+01 2.532606410329080688e+02 -1.044205744392919222e+01 2.792183059374557352e+00 5.206614384191993850e+02 9.012264496235502520e+01 8.149409961186918849e+01 1.071684450419857740e+03 2.015072742758645290e+03 -6.979999999999999716e+01 1.831590098287518136e+06 7.562854629016962917e+02 3.780126521298855096e+03
2.100000000000000000e+01 2.532650303675715691e+02 -1.043772621665557132e+01 5.182446962387279754e+00 5.273795893341532519e+02 8.998491012857738269e+01 8.154694925581453901e+01 1.178854363145184607e+03 2.064445744025811109e+03 -6.979999999999999716e+01 1.462679152511012508e+06 8.393325831549061604e+02 3.696674145367510391e+03
