# id ra dec s L A b x y a flux x_0 y_0
0.000000000000000000e+00 1.067294886397931037e+02 4.943961700373367307e+01 3.301017979792050028e+00 6.116644364506886404e+02 8.997928941077806542e+01 2.350243761401428912e+02 4.059859934354394227e+03 7.717181964372442735e+02 -7.809999999999999432e+01 1.577140503665909637e+06 6.542234747149739178e+02 6.336493297795478838e+02
1.000000000000000000e+00 1.067240736814689370e+02 4.940957739380333180e+01 1.435057873473974732e+00 6.095457765337361025e+02 8.987665728942562282e+01 2.344309975326459892e+02 3.472532683076746252e+03 8.218098332422711110e+02 -7.809999999999999432e+01 8.321736588254928589e+06 5.832144087756967110e+02 1.217317733910995230e+03
2.000000000000000000e+00 1.067663631410585765e+02 4.939904827259505282e+01 1.546373709871566193e+00 6.096454755416435773e+02 9.004662906398505129e+01 2.340916712211720210e+02 3.377858119309736139e+03 1.382069861099031868e+03 -7.809999999999999432e+01 3.491128069994919002e+06 1.111641362588984521e+03 1.426736383755808902e+03
3.000000000000000000e+00 1.067690740192511072e+02 4.938807394545123941e+01 1.428345044162487198e+00 6.090657516884962206e+02 8.988269101332384992e+01 2.349709658405556922e+02 3.174909108644906610e+03 1.458680594357662130e+03 -7.809999999999999432e+01 6.397062024037705734e+06 1.144523844819266742e+03 1.640475069443647726e+03
4.000000000000000000e+00 1.067754340039835199e+02 4.935963685394506939e+01 8.406633787412987502e+00 6.391354552142948933e+02 9.008108986589935796e+01 2.342189743073246291e+02 2.648686346468458396e+03 1.648162746742502577e+03 -7.809999999999999432e+01 3.171500903402810916e+06 1.221471961996311165e+03 2.194245622202586674e+03
5.000000000000000000e+00 1.067289260828172814e+02 4.933500804073401014e+01 2.421920994355486467e+00 6.133265338506423632e+02 8.984989943780711030e+01 2.355467446593465013e+02 2.064857530131056137e+03 1.173280546312051683e+03 -7.809999999999999432e+01 2.055215188604862895e+06 6.359741619639039527e+02 2.668235231241968449e+03
6.000000000000000000e+00 1.067401183095346369e+02 4.932799368079790980e+01 1.561360063600230053e+00 6.076757370489434606e+02 9.007753714643696696e+01 2.338978527287250699e+02 1.958523237247886527e+03 1.337825160964593579e+03 -7.809999999999999432e+01 3.395789607572276145e+06 7.755781233080446100e+02 2.805909129179706724e+03
7.000000000000000000e+00 1.067267184911856504e+02 4.932600215637501861e+01 1.634314940017925100e+00 6.095815147360711990e+02 8.983904249873009462e+01 2.348057951401248715e+02 1.887112739755381881e+03 1.181330575441558722e+03 -7.809999999999999432e+01 1.433403652162288502e+07 6.073237399801942047e+02 2.843149401938338997e+03
8.000000000000000000e+00 1.067411868022242913e+02 4.927583718722133455e+01 1.472733600558621125e+00 6.092540445276964647e+02 8.984780818221241816e+01 2.354648313844259917e+02 9.678234812412844121e+02 1.554850920789201155e+03 -7.809999999999999432e+01 4.273559447412801906e+06 7.835502478631898384e+02 3.820454593797593134e+03
