# id ra dec s L A b x y a flux x_0 y_0
0.000000000000000000e+00 1.218594265953755809e+02 -2.830987516880945520e+01 3.773782976475833273e+00 3.612311633680685077e+02 9.038958037928652800e+01 2.333061379418995784e+02 4.237643739651783108e+03 1.671189797084188058e+03 -8.940000000000000568e+01 2.224924358797527384e+06 1.666453758662497194e+03 4.240916052921929236e+02
1.000000000000000000e+00 1.218595944486431080e+02 -2.830934266543829736e+01 3.716931318906643078e+00 3.647510605210843551e+02 8.999100455412796862e+01 2.375269500787403842e+02 4.226582372284046869e+03 1.668050886814372234e+03 -8.940000000000000568e+01 2.183113113175746053e+06 1.663476368441220984e+03 4.344429315370693416e+02
2.000000000000000000e+00 1.218849880731837771e+02 -2.830759083988760949e+01 1.745153370704217499e+00 3.649954558258091311e+02 9.035449169901727373e+01 2.335196188062166414e+02 4.187523838464589062e+03 1.235276823635104392e+03 -8.940000000000000568e+01 1.131803610966380220e+05 1.230000671964220373e+03 4.692321228457369671e+02
3.000000000000000000e+00 1.218569480201225019e+02 -2.830562579724090355e+01 3.889862195056395411e+00 3.647440476638026894e+02 9.000284043011853896e+01 2.370583010782965516e+02 4.155487401058585419e+03 1.713266978147588588e+03 -8.940000000000000568e+01 3.005457428185811732e+06 1.707813129426750265e+03 5.065744755705344460e+02
4.000000000000000000e+00 1.218806608751926035e+02 -2.830434259093947347e+01 2.471713851312521193e+00 3.641806768215143961e+02 9.050209960216571403e+01 2.336051202671962415e+02 4.125744877306412491e+03 1.309090591694841578e+03 -8.940000000000000568e+01 3.144381525215527508e+05 1.303092505775298150e+03 5.322205702199358939e+02
5.000000000000000000e+00 1.219228272418387036e+02 -2.830371926659945814e+01 2.074897409634040013e+00 3.649859220353241085e+02 8.972847943212008204e+01 2.389531828432517386e+02 4.104573565346707255e+03 5.897945956031019250e+02 -8.940000000000000568e+01 1.693210800499373581e+05 5.837717466881025530e+02 5.454052131982170977e+02
6.000000000000000000e+00 1.219123910896196890e+02 -2.830256153413463949e+01 2.092382394118657007e+00 3.647993550999524928e+02 9.055050173655067169e+01 2.307771823438414174e+02 4.084512063932742421e+03 7.681635990418430993e+02 -8.940000000000000568e+01 1.297802364615898114e+05 7.615098815543246928e+02 5.676563529846866913e+02
7.000000000000000000e+00 1.219309960678431537e+02 -2.829874349427628744e+01 2.592886712807884741e+00 3.636473335707365209e+02 8.973177750500927630e+01 2.394834537993444314e+02 4.005725145742933364e+03 4.506632128698421411e+02 -8.940000000000000568e+01 3.602044603452973533e+05 4.433189141478922011e+02 6.422580669658067336e+02
8.000000000000000000e+00 1.218794240519695080e+02 -2.829388453319610974e+01 4.313081662647484826e+00 3.631455986248736281e+02 9.067031966468854876e+01 2.304971414568294108e+02 3.923058846053876096e+03 1.330063656905235575e+03 -8.940000000000000568e+01 3.547513911795737222e+06 1.321903527808965237e+03 7.353746716552257112e+02
9.000000000000000000e+00 1.218797728649490324e+02 -2.829300519557354576e+01 4.256478034068357452e+00 3.647373393353465190e+02 8.973275245962423696e+01 2.388996581849741290e+02 3.904926060280127786e+03 1.323870969149562143e+03 -8.940000000000000568e+01 3.489310793159551919e+06 1.315761538847665861e+03 7.524692512627993892e+02
1.000000000000000000e+01 1.218889337231047847e+02 -2.829211354370295695e+01 4.434810482567618450e+00 3.627041634928544909e+02 9.054808457764124796e+01 2.296318202942015319e+02 3.886203005087890688e+03 1.168114177494690011e+03 -8.940000000000000568e+01 1.251768315879320353e+07 1.159302738542413181e+03 7.700488480594574412e+02
1.100000000000000000e+01 1.219109411126671034e+02 -2.828676486233275611e+01 4.507755405496471468e+00 3.627156138672115162e+02 8.972339454359570254e+01 2.380346517994610736e+02 3.777790926285398655e+03 7.923524823573247886e+02 -8.940000000000000568e+01 1.486154718720130995e+07 7.827120695119988341e+02 8.745335861775230342e+02
1.200000000000000000e+01 1.218806925679775759e+02 -2.828712119612179166e+01 3.297507410584384679e+00 3.647203837220797595e+02 9.051975598818594904e+01 2.305878064660248299e+02 3.790705186410873466e+03 1.308092761169614960e+03 -8.940000000000000568e+01 9.112332745897413697e+05 1.298787280111683003e+03 8.668152754363077293e+02
1.300000000000000000e+01 1.219335154699021757e+02 -2.827020042766835672e+01 2.253604238203827048e+00 3.649851303833344787e+02 8.968171462471451605e+01 2.391048767994534785e+02 3.450817768694199913e+03 4.064484518256845149e+02 -8.940000000000000568e+01 2.816597181055189576e+05 3.938690537863458871e+02 1.196869590416101346e+03
1.400000000000000000e+01 1.219035320552672914e+02 -2.826138128313751352e+01 3.259295765400930467e+00 3.648182573496445116e+02 8.965035747504293795e+01 2.395798729162500251e+02 3.286082390737074093e+03 9.184333706415984580e+02 -8.940000000000000568e+01 1.012965844215792371e+06 9.034592624232353728e+02 1.367523568757884277e+03
1.500000000000000000e+01 1.219135997718595092e+02 -2.825553733825109504e+01 4.286912166164608351e+00 3.622270869100952382e+02 9.057565580799912652e+01 2.291717051173916104e+02 3.170450386559252365e+03 7.459043901762616997e+02 -8.940000000000000568e+01 8.077379414220431820e+06 7.303706775974708307e+02 1.481310039010899345e+03
1.600000000000000000e+01 1.219038932859203044e+02 -2.824911528191853449e+01 3.324871637296694438e+00 3.647762594081475527e+02 8.968857372924526317e+01 2.396793995377698252e+02 3.047340154836400416e+03 9.120034364218978453e+02 -8.940000000000000568e+01 1.138715287046679528e+06 8.945694521024490768e+02 1.605845277522817469e+03
1.700000000000000000e+01 1.219210743117389768e+02 -2.824818628082526573e+01 2.534230191324371440e+00 3.605116730322398553e+02 9.057092069486435548e+01 2.302825968856039083e+02 3.026389438687380789e+03 6.190305473506612088e+02 -8.940000000000000568e+01 3.209070442747185007e+05 6.011756947045214474e+02 1.624304725541992639e+03
1.800000000000000000e+01 1.218731643836962917e+02 -2.824060591444013468e+01 4.011042035229950287e+00 3.656381309910719324e+02 8.972382552063810124e+01 2.392227092144431992e+02 2.888042054651413764e+03 1.436002051181678098e+03 -8.940000000000000568e+01 5.635387674804190174e+06 1.417094575193771107e+03 1.770333553361138911e+03
1.900000000000000000e+01 1.218716382814346559e+02 -2.824162300870435871e+01 4.076110893643086541e+00 3.615251314929698196e+02 9.057904558669808637e+01 2.301221851587779668e+02 2.909083831533514967e+03 1.462179523336152442e+03 -8.940000000000000568e+01 5.738561537486426532e+06 1.443359887424046519e+03 1.750527677118867814e+03
