# id ra dec s L A b x y a flux x_0 y_0
0.000000000000000000e+00 2.014149523829801467e+02 -1.037032390778536595e+01 4.167563891535795761e+00 7.999999245605533815e+01 8.688666014600276810e+01 1.673160867251503419e+02 3.250357891480070521e+03 6.788736493559243854e+02 -1.819999999999999929e+01 4.513259355161896092e+05 1.921036697486400044e+03 8.284863661481898589e+01
1.000000000000000000e+00 2.014101183761868015e+02 -1.036188917758671302e+01 3.000000000000000000e+00 8.000000000000000000e+01 9.000000000000000000e+01 1.794126038399780896e+02 3.286000000000000000e+03 8.630000000000000000e+02 -1.819999999999999929e+01 0.000000000000000000e+00 2.011972234322233135e+03 2.458923036411339353e+02
2.000000000000000000e+00 2.014449372300800576e+02 -1.035220545959866989e+01 1.358489299686584495e+00 7.122013098939976317e+01 8.657957298489498044e+01 1.671795400990854148e+02 2.601864089562344816e+03 8.309688186862761086e+02 -1.819999999999999929e+01 2.779372476411829237e+06 1.351573771950329046e+03 4.294197199066788357e+02
3.000000000000000000e+00 2.014357869845638049e+02 -1.033914352768521638e+01 4.005011141331331181e+00 7.999999246624254567e+01 9.005010356586319631e+01 1.685467979201339404e+02 2.685995465851799509e+03 1.123984840573864858e+03 -1.819999999999999929e+01 2.842053832384341513e+05 1.523915684493605795e+03 6.820713167892214415e+02
4.000000000000000000e+00 2.014938112072818228e+02 -1.033828844916731526e+01 1.470280234713791101e+00 7.125909153545823926e+01 8.669814338434373724e+01 1.671088839988607049e+02 1.638626478301107682e+03 7.916311384098573853e+02 -1.819999999999999929e+01 9.134515563288920093e+05 4.245032719041145128e+02 6.931605824373409632e+02
5.000000000000000000e+00 2.015053307262553233e+02 -1.031311879201398973e+01 1.510924132979963197e+00 7.166679437536153330e+01 9.005766991038321123e+01 1.802025092850618080e+02 1.276722041251303381e+03 1.182298354857851564e+03 -1.819999999999999929e+01 6.738796852297965670e+05 2.041929014146321322e+02 1.177296628387193550e+03
6.000000000000000000e+00 2.014315222624846058e+02 -1.027218634081807203e+01 1.452992932176302876e+00 7.091209837397029503e+01 8.668732987057795469e+01 1.661456015751336110e+02 2.354503374550515673e+03 2.374512202526733290e+03 -1.819999999999999929e+01 1.717834399396666884e+07 1.599534443538873802e+03 1.973286544884997511e+03
7.000000000000000000e+00 2.014386787827188243e+02 -1.027293525941180263e+01 1.457419495299091317e+00 7.137607488258639421e+01 9.003816029408804411e+01 1.792585164377254614e+02 2.230458865350547057e+03 2.317554432716493920e+03 -1.819999999999999929e+01 1.736525858162926137e+07 1.463974889608451122e+03 1.958195633198721680e+03
8.000000000000000000e+00 2.014741935323350503e+02 -1.026843007155946452e+01 1.608111564504144164e+00 7.137335895058947699e+01 8.684535158061737548e+01 1.671762827369884690e+02 1.565194106162112121e+03 2.187502064006352612e+03 -1.819999999999999929e+01 5.605772206169380806e+05 7.906034140455608394e+02 2.041762654107744083e+03
