# id ra dec s L A b x y a flux x_0 y_0
0.000000000000000000e+00 1.161397829803103718e+02 -2.142437892447592418e+01 2.047066171250576438e+00 3.844444867254699147e+02 8.951756785980687425e+01 2.371039317423977479e+02 9.784266696158260856e+02 8.023427011227882986e+02 6.540000000000000568e+01 5.600019675635968335e+06 1.423830350073461659e+03 4.231449856116594219e+02
1.000000000000000000e+00 1.161331928071492996e+02 -2.142629159622537571e+01 7.038699703389787565e+00 3.700997277369833114e+02 8.996935362014183113e+01 2.390959455212782814e+02 9.934291688938552625e+02 6.789328738931782254e+02 6.540000000000000568e+01 4.189692865478215273e+06 1.541812544202411573e+03 3.858591942586417645e+02
2.000000000000000000e+00 1.161273028940191239e+02 -2.142656304823755420e+01 1.270298727480307299e+01 3.701104783444670829e+02 8.972360673920249496e+01 2.373563363745534787e+02 1.032403967619308787e+03 5.810069663984788804e+02 6.540000000000000568e+01 6.575676252363389358e+06 1.647363929056340567e+03 3.802181165543104271e+02
3.000000000000000000e+00 1.161412622189393176e+02 -2.142293697427916044e+01 5.081434756792189589e+00 3.699997739428135901e+02 9.027601086187397073e+01 2.383712339838615151e+02 9.920848904203903658e+02 8.373684142521286731e+02 6.540000000000000568e+01 3.291801424561085645e+06 1.397421978697071609e+03 4.510107277210232155e+02
4.000000000000000000e+00 1.161330255289320377e+02 -2.142383771965549855e+01 1.270845250188754072e+01 3.702930257281441868e+02 8.935098217824069877e+01 2.362144995953363775e+02 1.037574543773741880e+03 6.952693555157818537e+02 6.540000000000000568e+01 7.035859885285346769e+06 1.544993737324393123e+03 4.330946021643426320e+02
5.000000000000000000e+00 1.161226920469398323e+02 -2.141605364473539552e+01 4.016601079291176823e+00 3.699998014601892464e+02 9.000452790181739715e+01 2.398051013642306657e+02 1.249960017600441461e+03 5.890248066760574375e+02 6.540000000000000568e+01 1.784811307644181885e+06 1.730805919440320622e+03 5.822398912980656860e+02
6.000000000000000000e+00 1.161288618149978618e+02 -2.141693227139456468e+01 1.898264019505168099e+00 3.837171459079328315e+02 8.950003470232365999e+01 2.369155729780547404e+02 1.189266413071506122e+03 6.826688824532849367e+02 6.540000000000000568e+01 9.584107129428284243e+06 1.620144196260924673e+03 5.657599501841930305e+02
7.000000000000000000e+00 1.161944033300760140e+02 -2.142397817002131788e+01 4.751914428858271755e+00 3.699997707421824202e+02 8.994507338032096300e+01 2.370764077938079026e+02 5.809691271164987256e+02 1.696282312962026253e+03 6.540000000000000568e+01 2.359998461825642735e+06 4.448305653006087823e+02 4.344748185041430588e+02
8.000000000000000000e+00 1.161369522056621690e+02 -2.141832712832482954e+01 2.106834456553871249e+00 3.845427661934017465e+02 8.956405958795841116e+01 2.373778382850659057e+02 1.105208545375787025e+03 8.039942618662134919e+02 6.540000000000000568e+01 5.198848264547594823e+06 1.475018285042696334e+03 5.394700283075476364e+02
9.000000000000000000e+00 1.161718158705160420e+02 -2.142151794735702097e+01 9.325093947511181369e+00 3.700939855387546800e+02 9.034448269795024089e+01 2.346206245334212213e+02 7.908673713589989802e+02 1.348271954205436941e+03 6.540000000000000568e+01 4.628292748296633363e+06 8.498639647939352244e+02 4.803908312939708480e+02
1.000000000000000000e+01 1.161521292554479601e+02 -2.139882358860413447e+01 2.367228875015522149e+00 3.841470749829634883e+02 8.918789676599466532e+01 2.358988762144011844e+02 1.334992473350194132e+03 1.206502542478851410e+03 6.540000000000000568e+01 5.780829152912254445e+06 1.204376903303097606e+03 9.160339144878903426e+02
1.100000000000000000e+01 1.161419849495834313e+02 -2.141617644157130940e+01 4.038722498936880179e+00 3.699998026240386366e+02 8.999957686092807307e+01 2.403696792060239034e+02 1.105928212022491380e+03 9.029514743180693586e+02 6.540000000000000568e+01 1.916911840573025867e+06 1.384963837920118294e+03 5.812282024885016654e+02
1.200000000000000000e+01 1.161369393552995035e+02 -2.141827202860605439e+01 2.106060748429391172e+00 3.846179277350087204e+02 8.950992884354918999e+01 2.371927894304485562e+02 1.106275055377856233e+03 8.041649405841128555e+02 6.540000000000000568e+01 5.193562175397593528e+06 1.475252709132371365e+03 5.405300267051246692e+02
1.300000000000000000e+01 1.161289716528261664e+02 -2.141749776550414452e+01 1.898778815439455814e+00 3.838334073822684900e+02 8.999472269130245650e+01 2.387121982801438378e+02 1.178580342298949972e+03 6.799967883359506686e+02 6.540000000000000568e+01 9.587292608340308070e+06 1.618132897077857024e+03 5.548796327594541253e+02
1.400000000000000000e+01 1.161230981787594914e+02 -2.140511610225550143e+01 5.012884078233453167e+00 3.699997626069402372e+02 9.015237119418284806e+01 2.373740589495313031e+02 1.438716846076752518e+03 6.833543919941281501e+02 6.540000000000000568e+01 3.014099725488840137e+06 1.724354130517025624e+03 7.928609762490954154e+02
1.500000000000000000e+01 1.161819459698147341e+02 -2.140476123578570622e+01 3.709363731671405429e+00 3.700575048938998179e+02 8.950413627075916168e+01 2.367432228714002349e+02 1.009998705550754607e+03 1.646919657476407110e+03 6.540000000000000568e+01 3.648342816444538068e+06 6.694360260279471504e+02 8.036820663152484485e+02
1.600000000000000000e+01 1.161756619631008363e+02 -2.141887223216020431e+01 6.847874889724661962e+00 3.700800200141807181e+02 9.029486066301926428e+01 2.391540725709520245e+02 8.091034590836106872e+02 1.431601693393590949e+03 6.540000000000000568e+01 3.512312132825201377e+06 7.811080403498385749e+02 5.315828250027483364e+02
1.700000000000000000e+01 1.161334021823509488e+02 -2.141285571377453678e+01 9.661895936600146229e+00 3.700791451517971495e+02 9.062441556807659993e+01 2.362439830470507047e+02 1.226927207067542440e+03 7.894594999352472087e+02 6.540000000000000568e+01 7.025847087379371747e+06 1.539060349691410920e+03 6.445691588683730515e+02
1.800000000000000000e+01 1.161914000048221283e+02 -2.139931408139305091e+01 6.119463069378734410e+00 3.700952181969702224e+02 8.935810672950472622e+01 2.343029092966934854e+02 1.035141165433595233e+03 1.843221485454512958e+03 6.540000000000000568e+01 3.603713982341027353e+06 5.003255778309140283e+02 9.091647713249660683e+02
1.900000000000000000e+01 1.161325736651258609e+02 -2.141195308811758125e+01 4.043977979341890183e+00 3.699998032945400155e+02 9.001479165786429348e+01 2.396962363086179835e+02 1.248951342585134853e+03 7.820359294552184792e+02 6.540000000000000568e+01 1.828863846538629849e+06 1.553979491051469267e+03 6.618903348262424515e+02
2.000000000000000000e+01 1.161291575692700775e+02 -2.141573797838871229e+01 5.239243152325671282e+00 3.702163677551268961e+02 8.964503934140792296e+01 2.372210512674423626e+02 1.208456898914452495e+03 6.974019500030435665e+02 6.540000000000000568e+01 5.248704333393655717e+06 1.614932272877870673e+03 5.887757933569855595e+02
2.100000000000000000e+01 1.161289405706555016e+02 -2.141734408492224162e+01 1.900598078745098896e+00 3.838347156314104041e+02 8.985967541094534283e+01 2.382139627766270280e+02 1.181489385093320607e+03 6.807645309366013180e+02 6.540000000000000568e+01 9.599223641169181094e+06 1.618701581828537655e+03 5.578364177340640708e+02
2.200000000000000000e+01 1.161890066053634882e+02 -2.140315126995454165e+01 5.538494129722881354e+00 3.700936235394588039e+02 8.985940422898346469e+01 2.378507764818897385e+02 9.857909263290077888e+02 1.774196441339441890e+03 6.540000000000000568e+01 3.001582538432330824e+06 5.429725447675230043e+02 8.351321302671913145e+02
2.300000000000000000e+01 1.161867021926726267e+02 -2.138868188831440520e+01 1.004617184339265457e+01 3.701783099398298305e+02 8.916053019075367558e+01 2.377988751390832078e+02 1.257084229159782126e+03 1.851810750407588102e+03 6.540000000000000568e+01 6.345914031534046866e+06 5.852669152418916383e+02 1.113576856881147251e+03
2.400000000000000000e+01 1.161333710118229590e+02 -2.140701331439737132e+01 4.060415829893615047e+00 3.699997703619912386e+02 8.997686060713171230e+01 2.405022549257162154e+02 1.329988316064504716e+03 8.352900025359273286e+02 6.540000000000000568e+01 2.032046424277238082e+06 1.540054258220458451e+03 7.570567554194242348e+02
2.500000000000000000e+01 1.161284699814238621e+02 -2.140903153637761491e+01 4.052014150596586539e+00 3.699998098428298476e+02 8.998525473971197641e+01 2.395101023596283483e+02 1.330970843074378536e+03 7.390485324473547735e+02 6.540000000000000568e+01 1.818569097899238579e+06 1.627761105873582437e+03 7.178535235502811247e+02
2.600000000000000000e+01 1.161629613628990398e+02 -2.139273182704444309e+01 5.388753378417764139e+00 3.700978629696561484e+02 8.977853157542821805e+01 2.373531400111814662e+02 1.361732076114674783e+03 1.431705725729882715e+03 6.540000000000000568e+01 2.899040580850727390e+06 1.010617562963205728e+03 1.034052038353719126e+03
2.700000000000000000e+01 1.161421192727296017e+02 -2.139958588889976809e+01 6.654788969297490198e+00 3.700780111092158791e+02 9.032828692532127945e+01 2.381016391823931144e+02 1.395684427516344158e+03 1.036356579979746130e+03 6.540000000000000568e+01 3.633057510861897375e+06 1.383774097876877931e+03 9.006721381411593939e+02
2.800000000000000000e+01 1.161336678792331583e+02 -2.140288125250365425e+01 8.181185878581134219e+00 3.700892004234664228e+02 9.023544091741760553e+01 2.361137190768128278e+02 1.400676771312700794e+03 8.727620805897429364e+02 6.540000000000000568e+01 4.310888170497640967e+06 1.535040079735260633e+03 8.366363458415447667e+02
2.900000000000000000e+01 1.161805215151850490e+02 -2.140663326670374644e+01 6.101066694541149360e+00 3.700943481417171483e+02 8.997606614625041743e+01 2.365163178817626033e+02 9.872408577544737227e+02 1.608143378135406010e+03 6.540000000000000568e+01 3.113855610448931810e+06 6.948428452722976090e+02 7.675462823303657842e+02
3.000000000000000000e+01 1.161333824133357240e+02 -2.140072521026410257e+01 5.268741192011184182e+00 3.700811796103799907e+02 8.996506317640172767e+01 2.374087662814973783e+02 1.440407067849040914e+03 8.859339796279585926e+02 6.540000000000000568e+01 3.093634871137276292e+06 1.540318209157982210e+03 8.781288578556013817e+02
3.100000000000000000e+01 1.161305343356852831e+02 -2.140313944036075000e+01 5.597669667984194852e+00 3.702622137139038614e+02 8.982519895593284787e+01 2.374353988206379711e+02 1.419342523910365117e+03 8.202713556160650796e+02 6.540000000000000568e+01 4.117163173269299325e+06 1.591195814796750255e+03 8.314455177975667084e+02
3.200000000000000000e+01 1.161679857571249528e+02 -2.138944744143097765e+01 2.798648734122225701e+00 3.848787280947759655e+02 8.965763973979306911e+01 2.378752445193665039e+02 1.382285009061371056e+03 1.540033158220410542e+03 6.540000000000000568e+01 4.098874692512842827e+06 9.207706985554325456e+02 1.097622240885087649e+03
3.300000000000000000e+01 1.161311543823225634e+02 -2.140014206358114279e+01 1.040901057036990807e+01 3.709177137822385930e+02 8.955422069500245641e+01 2.383723914692011192e+02 1.467050552816093386e+03 8.530636634977511221e+02 6.540000000000000568e+01 8.336676977474705316e+06 1.580304307725399212e+03 8.892006397492468750e+02
