# id ra dec s L A b x y a flux x_0 y_0
0.000000000000000000e+00 1.555402319139821827e+02 6.515649967776653284e+00 2.883524901956159070e+00 1.455137160697708509e+02 8.992861321457586143e+01 2.130190574859128390e+02 2.877909604809019015e+02 1.561684117955401007e+03 8.109999999999999432e+01 6.597566390394440386e+05 5.637934455470452804e+02 2.028730263017625930e+02
1.000000000000000000e+00 1.555702306932479644e+02 6.493032493664991023e+00 2.600444057035978584e+00 1.450266960853625164e+02 8.986176106522442808e+01 2.125942657156306552e+02 8.071919238044830536e+02 1.060921171049475333e+03 8.109999999999999432e+01 7.064340524964695796e+05 1.137834886985993762e+03 6.381246095692549716e+02
2.000000000000000000e+00 1.555357259999595669e+02 6.492238779949619953e+00 2.104765891489737584e+00 1.434032825763054291e+02 9.004367221650143449e+01 2.138896087289803063e+02 7.202887855515193678e+02 1.715073836668475678e+03 8.109999999999999432e+01 9.571472972786368337e+05 4.777527167878960768e+02 6.536745447841557279e+02
3.000000000000000000e+00 1.555441129590955995e+02 6.487335682703936790e+00 7.593646293242915846e+00 1.666615980372880301e+02 8.991612190120262937e+01 2.127547843775527383e+02 8.380376229367283258e+02 1.571289334723079946e+03 8.109999999999999432e+01 9.261846102846998256e+05 6.382322790359132796e+02 7.480196645425057795e+02
4.000000000000000000e+00 1.555332622758817536e+02 6.476378238726069547e+00 1.829063781389999477e+00 1.425616780405756288e+02 8.996572342634425468e+01 2.133748095781212726e+02 1.014431498737429820e+03 1.809762619573381244e+03 8.109999999999999432e+01 3.335117110278194770e+06 4.307246449501101324e+02 9.590758145494662585e+02
5.000000000000000000e+00 1.556072258605733794e+02 6.458058343446254845e+00 1.891594756759183538e+00 1.430044767114921740e+02 8.996521508746225493e+01 2.132283082566802932e+02 1.581477918324825168e+03 4.658563359216595359e+02 8.109999999999999432e+01 1.527368290778360795e+06 1.845889615982569694e+03 1.311192946630214919e+03
6.000000000000000000e+00 1.555948927090897200e+02 6.427796583581258716e+00 7.362552701583397585e+00 1.631635513362088830e+02 8.994324762676900775e+01 2.132967951578689565e+02 2.120372318077861564e+03 7.891015945611640063e+02 8.109999999999999432e+01 9.247739541113651358e+05 1.610199051599608083e+03 1.893975730394211951e+03
7.000000000000000000e+00 1.556088807187861107e+02 6.420295066093714809e+00 1.828601545826557651e+00 1.428148619436002491e+02 8.995288798216442672e+01 2.133384553855609624e+02 2.305215194767136836e+03 5.469388146743282277e+02 8.109999999999999432e+01 1.621919606736835092e+06 1.877897912842970300e+03 2.038277841032234619e+03
8.000000000000000000e+00 1.555710675913464627e+02 6.417738957079260231e+00 2.474699667770451139e+00 1.443067064838651561e+02 8.990900549660238994e+01 2.132850874206643255e+02 2.241989606224864474e+03 1.268839321458209270e+03 8.109999999999999432e+01 7.371080270432616817e+05 1.154438446477900015e+03 2.087835388051645623e+03
9.000000000000000000e+00 1.555702293673051884e+02 6.416452893260803592e+00 2.618690436161305701e+00 1.449355814823673541e+02 8.997902772386230197e+01 2.136338922416327648e+02 2.264190108718065858e+03 1.288523495313243302e+03 8.109999999999999432e+01 7.448800328657140490e+05 1.138410747723421537e+03 2.112604269795316213e+03
1.000000000000000000e+01 1.556097346891799873e+02 6.414636951295687339e+00 2.644523733526084275e+00 1.451031517545215479e+02 8.990985377998580930e+01 2.132133951959345666e+02 2.414675130720710058e+03 5.471244949598802805e+02 8.109999999999999432e+01 6.814035876106717624e+05 1.894289305700548766e+03 2.147211302373779290e+03
1.100000000000000000e+01 1.555217816346116422e+02 6.361928762891730038e+00 1.711653899291941228e+00 1.419623772426990342e+02 8.988592028048044824e+01 2.126768247313526388e+02 3.158197124463121327e+03 2.366967826812042404e+03 8.109999999999999432e+01 1.421020586146207340e+07 2.117926071597561304e+02 3.162762186991825729e+03
1.200000000000000000e+01 1.555389700904398751e+02 6.363618895937572795e+00 7.760629747683138291e+00 1.667168763220545316e+02 8.992644616145167902e+01 2.137636259496845526e+02 3.176435308845808777e+03 2.037570633389776503e+03 8.109999999999999432e+01 9.930172309168763459e+05 5.406812887255254054e+02 3.130104559633752160e+03
1.300000000000000000e+01 1.555217385644403123e+02 6.361926336358621370e+00 1.714531557248108573e+00 1.419707370321028748e+02 8.986931877970394567e+01 2.125252846658061117e+02 3.157916630893982529e+03 2.368170973721654718e+03 8.109999999999999432e+01 1.424107651037481427e+07 2.109684776401495583e+02 3.162809184298226683e+03
1.400000000000000000e+01 1.556107941350734905e+02 6.342117544353291336e+00 6.670896370849512813e+00 1.615530818906581487e+02 8.982486176169547321e+01 2.128778005894165801e+02 3.797633508192158388e+03 7.430620453397048095e+02 8.109999999999999432e+01 8.425588973691677675e+05 1.915233099656941931e+03 3.543483430588938063e+03
1.500000000000000000e+01 1.555981929960025241e+02 6.304688058682779150e+00 2.462094811269027517e+00 1.442359864536693408e+02 8.994435919715938610e+01 2.141810795262593388e+02 4.472235123984562961e+03 1.092116052460980427e+03 8.109999999999999432e+01 7.199091402740322519e+05 1.674430663714276307e+03 4.264258354699515621e+03
1.600000000000000000e+01 1.555433348641837199e+02 6.330546407310683854e+00 1.741221464803310415e+00 1.420240281681617489e+02 8.986175808610408922e+01 2.131111324795852795e+02 3.819085710622280203e+03 2.052587468022883513e+03 8.109999999999999432e+01 4.240929463459908962e+06 6.244290859887332772e+02 3.766841096382238447e+03
1.700000000000000000e+01 1.555245709993340597e+02 6.297042531202808213e+00 1.922691885948149437e+00 1.423138047753182605e+02 8.986245978982312010e+01 2.138600433626719166e+02 4.400067168051065892e+03 2.507450720080770679e+03 8.109999999999999432e+01 1.374582383434814168e+06 2.655717948448245807e+02 4.412038766590681007e+03
1.800000000000000000e+01 1.555390125391210461e+02 6.307917657833008285e+00 2.071470766900401994e+00 1.429308499420044143e+02 8.989151963714995475e+01 2.138857901502063044e+02 4.236163481390946799e+03 2.202523749890286581e+03 8.109999999999999432e+01 1.023128599648171687e+06 5.418695007198707572e+02 4.202556679510721551e+03
1.900000000000000000e+01 1.555517441636814908e+02 6.325908151831185933e+00 9.541519974685643390e+00 1.785884254664050843e+02 8.994882973488307698e+01 2.137699988287171777e+02 3.931535408641645972e+03 1.907661568874906607e+03 8.109999999999999432e+01 1.183701613346767612e+06 7.853835492157463705e+02 3.856082503276960779e+03
2.000000000000000000e+01 1.555666072468726782e+02 6.299400405239768297e+00 1.806959418685678331e+00 1.423729541223375179e+02 8.980752198417056320e+01 2.133811414192668394e+02 4.480100044598129898e+03 1.704827878837233357e+03 8.109999999999999432e+01 2.099862686758860946e+06 1.070012338682703103e+03 4.366336504950981180e+03
