# id ra dec s L A b x y a flux x_0 y_0
0.000000000000000000e+00 9.453311094324344310e+01 4.007091432906082673e+01 7.214503424034516499e+00 1.928392832849004321e+02 8.901218231646842582e+01 1.110875403299026658e+02 2.488909215608578336e+02 1.309842500472201209e+03 3.650000000000000000e+01 2.542658375738503411e+06 1.679678609501487756e+02 1.901442335279056692e+02
1.000000000000000000e+00 9.460967980722173820e+01 4.003178286088252236e+01 4.494828364267275944e+00 1.660511167391637457e+02 8.965708714362656906e+01 1.102978614682851486e+02 1.613789466964913572e+03 1.255318949857295820e+03 3.650000000000000000e+01 6.243814692658574320e+06 1.297094205884080793e+03 9.588659272373771500e+02
2.000000000000000000e+00 9.462979209926075441e+01 4.001383537639921428e+01 5.772540778467408984e+00 1.706025999088039100e+02 8.909680322888900150e+01 1.108413247995369915e+02 2.058817116972842541e+03 1.362538331603418101e+03 3.650000000000000000e+01 2.518095909315037541e+06 1.592611930249947363e+03 1.308583118105104631e+03
3.000000000000000000e+00 9.463457807623403539e+01 3.999625797071193034e+01 4.314009430524924582e+00 1.655167995068267999e+02 8.957802253852447905e+01 1.099475824787498794e+02 2.316547920344368322e+03 1.594877228094378324e+03 3.650000000000000000e+01 1.507394708760625124e+07 1.660743396057232758e+03 1.648522027351309816e+03
4.000000000000000000e+00 9.455973790628058850e+01 4.000066938892454260e+01 7.488581392543574466e+00 1.754712288515317198e+02 8.914133978795904056e+01 1.108129538551903437e+02 1.365321009214800370e+03 2.176666634351063749e+03 3.650000000000000000e+01 2.585948102935303003e+06 5.501354808883771739e+02 1.550295786774827775e+03
5.000000000000000000e+00 9.458409626463048880e+01 3.998664454545114921e+01 4.449532124428181135e+00 1.660870351560475626e+02 8.858612984799918877e+01 1.109027849129623888e+02 1.817067704182485613e+03 2.183761894425649189e+03 3.650000000000000000e+01 7.804262518452595919e+06 9.093595534695259630e+02 1.825252289664521868e+03
6.000000000000000000e+00 9.463098904443872073e+01 3.998724765400476855e+01 9.516866967004945721e+00 1.938494639137411468e+02 8.913277639326679491e+01 1.102594592962206690e+02 2.374604507870575617e+03 1.766329173534195888e+03 3.650000000000000000e+01 2.910185937150971033e+06 1.605938577251487686e+03 1.821753746432861817e+03
7.000000000000000000e+00 9.463499647227708067e+01 3.999341386211598603e+01 9.761391227175165497e+00 2.000067092549289498e+02 8.812216018302024167e+01 1.105753421993336616e+02 2.353085716188155857e+03 1.635277484155462389e+03 3.650000000000000000e+01 4.215551839147832245e+06 1.666483866193620088e+03 1.703465237644388708e+03
8.000000000000000000e+00 9.457665736881959617e+01 3.997746521857479252e+01 5.608101004136945456e+00 1.698086520684272216e+02 8.813831365694368003e+01 1.114343023995939461e+02 1.831198891895775660e+03 2.392204246601862906e+03 3.650000000000000000e+01 3.018744476258663461e+06 7.972303025496338478e+02 2.001027445648694993e+03
