# id ra dec s L A b x y a flux x_0 y_0
0.000000000000000000e+00 1.407996828013646109e+02 1.954455804218087422e+01 5.205187444047245648e+00 8.503367997236304632e+01 9.166546873895198644e+01 7.047569316250823590e+01 3.528244695172681077e+03 7.431189911061497924e+02 -3.879999999999999716e+01 7.705006045235879719e+05 9.459765464283574374e+02 1.919973005336499341e+02
1.000000000000000000e+00 1.407926206768608779e+02 1.951548605976262252e+01 3.000000000000000000e+00 8.500000000000000000e+01 9.000000000000000000e+01 1.218609808446223894e+02 3.077000000000000000e+03 1.098000000000000000e+03 -3.879999999999999716e+01 0.000000000000000000e+00 8.174215347154544133e+02 7.516643320557573134e+02
2.000000000000000000e+00 1.407796454725418016e+02 1.949411909953344946e+01 3.945348406280009712e+00 8.420775765271709190e+01 9.169821691220299442e+01 6.918937249538457479e+01 2.634712433050433447e+03 1.271680966347097865e+03 -3.879999999999999716e+01 3.032001504812035710e+07 5.816158135502823825e+02 1.162880153345617373e+03
3.000000000000000000e+00 1.407552404571532634e+02 1.944293274600000743e+01 9.193514684593164787e+00 8.500411047922170837e+01 8.931569768867954906e+01 7.005912078445065561e+01 1.671496443918141495e+03 1.761149284167246151e+03 -3.879999999999999716e+01 5.067961885192806949e+05 1.377214072671623626e+02 2.148022908714825007e+03
4.000000000000000000e+00 1.407987050207808295e+02 1.942689963171484280e+01 4.256630352034711073e+00 8.441832516101794681e+01 9.248306519572599882e+01 7.063795723713417374e+01 2.092304832116197304e+03 2.496467279276218051e+03 -3.879999999999999716e+01 2.437035469709804282e+06 9.266261589758410082e+02 2.457393604285458423e+03
5.000000000000000000e+00 1.408584265941341584e+02 1.940371506787975875e+01 4.882600568950138609e+00 8.522855521222011532e+01 8.938641794435280019e+01 6.641729617287823828e+01 2.656841896915970665e+03 3.523806013299984443e+03 -3.879999999999999716e+01 7.928318851783742011e+07 2.010841962829823160e+03 2.904380425452198324e+03
6.000000000000000000e+00 1.407564417949277811e+02 1.940246136581495762e+01 4.090764623629922880e+00 8.405952169851731526e+01 9.243542272194170550e+01 7.052202790849675296e+01 1.199355119260101901e+03 2.381464021134722771e+03 -3.879999999999999716e+01 4.333965329168561846e+06 1.587912761590778246e+02 2.927273879713285623e+03
7.000000000000000000e+00 1.408326325043021541e+02 1.940238447920567921e+01 3.996650407031404395e+00 8.395428119064008854e+01 8.951735692660278687e+01 6.896124266902008060e+01 2.275551961489895348e+03 3.250244650040785928e+03 -3.879999999999999716e+01 2.265552892469847947e+07 1.542413129190260861e+03 2.929787782139666888e+03
8.000000000000000000e+00 1.408363636593878425e+02 1.940041224128234276e+01 1.103612263641475799e+01 8.500572544504242956e+01 9.430987831943789956e+01 7.065668022194603282e+01 2.305738211632348794e+03 3.322136813163331226e+03 -3.879999999999999716e+01 8.849995651026526466e+05 1.610151921037542252e+03 2.967795593172314511e+03
