# id ra dec s L A b x y a flux x_0 y_0
0.000000000000000000e+00 9.540271641281029247e+01 4.033022634410768603e+01 9.317419317077982654e+00 1.873336924570037070e+02 8.888014037019080149e+01 1.191813362589683578e+02 4.458438447927478023e+02 1.260128243882402558e+03 3.650000000000000000e+01 2.332834436284603551e+06 3.550424935414196739e+02 2.683049058028128684e+02
1.000000000000000000e+00 9.550800161649546283e+01 4.033402491533562539e+01 4.400210249133190921e+00 1.774800397177878040e+02 9.000514922048621713e+01 1.184750840529126634e+02 1.650938943423087494e+03 2.647315044011155578e+02 3.650000000000000000e+01 7.473860933042406105e+05 1.916721007265058688e+03 1.851670649222548946e+02
2.000000000000000000e+00 9.544090613348963359e+01 4.033458347769181529e+01 4.670612895491057515e+00 1.729270045838642886e+02 8.883046938146044624e+01 1.191198578919552062e+02 8.487104981025715915e+02 8.529454114564804286e+02 3.650000000000000000e+01 3.457835558520306367e+06 9.219664948733347956e+02 1.803593061383620579e+02
3.000000000000000000e+00 9.549327684338712174e+01 4.033396051881334898e+01 4.403000276406552338e+00 1.780642912652879772e+02 9.000166534903551963e+01 1.184494357085434757e+02 1.477947111776494694e+03 3.969822058521402823e+02 3.650000000000000000e+01 6.423636982009207131e+05 1.698383523709553629e+03 1.878169104132024358e+02
4.000000000000000000e+00 9.550573030574190625e+01 4.032071625544256932e+01 4.327376390394610084e+00 1.719928992011005562e+02 8.892237366396648213e+01 1.189541793282292730e+02 1.776733878662325878e+03 4.946809565786653593e+02 3.650000000000000000e+01 7.202558637097356841e+06 1.881237039504255563e+03 4.444922722066486358e+02
5.000000000000000000e+00 9.545684498815877816e+01 4.032099556895401093e+01 8.407174586868865873e+00 1.828223708307409368e+02 8.977262413113344053e+01 1.184442311407636765e+02 1.194269974686545766e+03 9.257481582287283572e+02 3.650000000000000000e+01 2.611405150004503317e+06 1.156302795343036451e+03 4.435305037779104396e+02
6.000000000000000000e+00 9.544797665273951282e+01 4.031977200666787553e+01 7.565997240609972252e+00 1.823742246093791834e+02 8.903469797966101851e+01 1.190170623821328348e+02 1.102924039472992263e+03 1.023065725975224609e+03 3.650000000000000000e+01 2.087543843589092605e+06 1.024604319028156169e+03 4.681211795749713929e+02
7.000000000000000000e+00 9.540632110638385655e+01 4.030020624784378214e+01 4.076682723014864784e+00 1.704471560280273366e+02 8.982543501344149206e+01 1.168133124924853377e+02 8.326274221833189131e+02 1.702624817248095269e+03 3.650000000000000000e+01 4.134966923159793019e+07 4.037681019526779096e+02 8.524824584395644251e+02
8.000000000000000000e+00 9.540652403294390638e+01 4.030083279116423967e+01 4.048686787775780616e+00 1.702752388833483508e+02 8.904374728266392935e+01 1.173208136614872501e+02 8.270565252638796210e+02 1.690649385378232864e+03 3.650000000000000000e+01 4.099052313038669527e+07 4.068769448356845260e+02 8.402683046139790122e+02
9.000000000000000000e+00 9.539370718067557675e+01 4.027318717765068357e+01 4.694603352376714334e+00 1.784035269294323882e+02 9.007185680310159626e+01 1.200344600148742984e+02 9.917792549246264571e+02 2.239075663316495138e+03 3.650000000000000000e+01 8.966559935168527300e+05 2.123235309316544317e+02 1.379495564059047410e+03
1.000000000000000000e+01 9.544842940505299111e+01 4.028900663118684378e+01 7.379240884335694695e+00 1.813395361468242584e+02 8.878065851455258439e+01 1.192135454477543419e+02 1.460645753273024184e+03 1.504119972930002177e+03 3.650000000000000000e+01 2.188617830787971616e+06 1.026759228711758624e+03 1.067051708855233301e+03
1.100000000000000000e+01 9.548534471367594278e+01 4.028153509326491388e+01 4.185861240256299354e+00 1.711510190457177600e+02 9.012059094333743303e+01 1.175680882377068741e+02 1.984919990398164600e+03 1.293636968499114801e+03 3.650000000000000000e+01 2.016966973763507232e+07 1.573423063714467389e+03 1.209223215150200986e+03
1.200000000000000000e+01 9.540721987544505112e+01 4.029924047261745557e+01 5.172299593019445751e+00 1.766880991953828470e+02 9.017496067183441255e+01 1.185021077385683839e+02 8.541169983130317860e+02 1.708847237531093469e+03 3.650000000000000000e+01 5.174628480498863384e+06 4.169489431850824985e+02 8.712139882355008922e+02
1.300000000000000000e+01 9.549380809513087343e+01 4.027884360157174370e+01 4.489328402989472444e+00 1.721807574505454284e+02 8.875012562965487461e+01 1.191437764129246375e+02 2.116189864635945014e+03 1.259753681055645075e+03 3.650000000000000000e+01 4.995517862652791664e+06 1.698636087033658896e+03 1.260836776881908918e+03
1.400000000000000000e+01 9.541190736425910757e+01 4.028055608096578055e+01 4.382142859092731157e+00 1.772731207577208465e+02 9.000738097671506921e+01 1.184166106612048992e+02 1.123114094834410253e+03 1.962065591288678434e+03 3.650000000000000000e+01 6.911001626440515975e+05 4.835681997377205903e+02 1.234605004719058797e+03
1.500000000000000000e+01 9.548813728310885551e+01 4.027593429616263876e+01 4.903124424073102894e+00 1.733300483440501978e+02 8.889352884564726764e+01 1.190934105537183143e+02 2.081589754290857854e+03 1.357169760011791141e+03 3.650000000000000000e+01 3.470020384245367721e+06 1.614079382450938965e+03 1.318005896890470694e+03
1.600000000000000000e+01 9.543625530274472624e+01 4.026752010356683087e+01 4.146225755580604577e+00 1.707456357487481569e+02 8.989333682619603394e+01 1.161508239741129813e+02 1.562068352648067730e+03 1.950267508053716710e+03 3.650000000000000000e+01 5.507739832627198845e+07 8.428923356041524357e+02 1.486403905405295063e+03
1.700000000000000000e+01 9.540653836096055329e+01 4.030089102660909361e+01 4.073818642533264089e+00 1.703400452949077817e+02 8.897326844903547283e+01 1.173773441487379472e+02 8.265106626288765028e+02 1.689480319100828410e+03 3.650000000000000000e+01 4.128754182233870029e+07 4.070986504719359687e+02 8.391333910829948763e+02
1.800000000000000000e+01 9.540636473357973557e+01 4.030012318451655773e+01 4.079115127767017235e+00 1.704571746475842247e+02 8.988640554866590548e+01 1.167828477060363213e+02 8.332894325961865434e+02 1.703144684396800358e+03 3.650000000000000000e+01 4.138249086756879836e+07 4.044022115397731909e+02 8.540961649452337952e+02
1.900000000000000000e+01 9.549850042591064891e+01 4.027417204478552293e+01 6.346046187622215839e+00 1.783878552538489259e+02 8.902753316385998517e+01 1.190939267038486236e+02 2.225475301294286965e+03 1.291238161059547338e+03 3.650000000000000000e+01 2.171164201553539373e+06 1.767625449790886023e+03 1.351345134426202321e+03
2.000000000000000000e+01 9.540688028859921133e+01 4.026723642686981464e+01 4.349965501983923843e+00 1.713113297926205121e+02 8.981620725175281450e+01 1.182508020662947672e+02 1.216350455646140517e+03 2.216364160478061876e+03 3.650000000000000000e+01 8.349130099306924269e+06 4.068790672203235772e+02 1.494322074011100540e+03
2.100000000000000000e+01 9.549645785955986810e+01 4.026648814974442558e+01 4.592276584837761355e+00 1.725719310918953795e+02 8.912418810151619653e+01 1.189499674766824171e+02 2.289516747452272739e+03 1.430555501113683931e+03 3.650000000000000000e+01 4.089379169121251442e+06 1.736254654347751739e+03 1.501133738075719975e+03
2.200000000000000000e+01 9.548304453527268265e+01 4.028205018196434395e+01 7.185173254242943841e+00 1.875185068152301824e+02 8.982742557085481394e+01 1.186336361055761301e+02 1.951194636655795875e+03 1.305635632400825443e+03 3.650000000000000000e+01 1.632834179605591809e+06 1.539363974991706527e+03 1.199406753826585373e+03
2.300000000000000000e+01 9.543578331777585788e+01 4.026798274218143092e+01 4.124112962508410085e+00 1.705613540548957303e+02 8.896678758544112497e+01 1.167369627327339856e+02 1.551351001177966054e+03 1.948078230757100982e+03 3.650000000000000000e+01 5.465706427057230473e+07 8.359571929148432901e+02 1.477436539281679188e+03
2.400000000000000000e+01 9.549930157660983809e+01 4.026634829221485035e+01 9.268198013655995382e+00 1.893085018100723858e+02 8.999288424836430522e+01 1.185199387111727134e+02 2.324696189240811691e+03 1.407666470412929357e+03 3.650000000000000000e+01 2.158281856640336104e+06 1.778441852861627694e+03 1.503588334819902684e+03
2.500000000000000000e+01 9.547975085576706533e+01 4.027880355460053607e+01 8.066705409150651818e+00 1.987228857430424682e+02 8.951746030455443304e+01 1.192402589294754307e+02 1.949302219160889081e+03 1.386639473738106972e+03 3.650000000000000000e+01 1.778710015213491628e+06 1.490031575348347815e+03 1.262916395253362907e+03
