# id ra dec s L A b x y a flux x_0 y_0
0.000000000000000000e+00 1.959343919376040049e+02 1.065563927487808016e+01 2.533040722098736541e+00 8.865203316330585892e+01 8.952004203058677945e+01 5.008807142007373159e+01 5.664530149330649920e+02 1.140087495645716899e+03 5.470000000000000284e+01 2.650680742994805332e+05 8.037437777324450963e+02 1.243215092631405696e+02
1.000000000000000000e+00 1.958813598184909210e+02 1.065674907370410551e+01 8.166784873318327698e+00 1.190987284957155765e+02 9.002955804582067856e+01 5.026262307636515203e+01 1.181310488960554494e+03 3.254656632782332508e+02 5.470000000000000284e+01 4.975128404036700376e+05 1.823295927698072319e+03 1.564364539756047634e+02
2.000000000000000000e+00 1.959168613639369596e+02 1.066493327408722536e+01 1.948627452283943295e+00 8.696132424774488356e+01 8.953152434821016925e+01 5.007192827319588702e+01 9.123353188873688850e+02 9.701604234025126061e+02 5.470000000000000284e+01 3.262028816334535950e+05 1.141805924506344354e+03 3.092461642136099158e+02
3.000000000000000000e+00 1.959171610878076422e+02 1.066614379936278922e+01 7.238636544183657762e+00 1.129854874217024019e+02 9.014172725349473581e+01 5.026109233701521362e+01 9.290060150356539452e+02 9.892049008466523219e+02 5.470000000000000284e+01 4.145505326866372488e+05 1.136184442745724482e+03 3.328262388425911240e+02
4.000000000000000000e+00 1.959382907856184488e+02 1.067107396529602426e+01 1.682776430629797648e+00 8.638507537838593464e+01 8.935194352271759044e+01 5.002169698056307112e+01 7.699143436498063693e+02 1.372448213200295868e+03 5.470000000000000284e+01 6.361547181704087416e+05 7.306015238663892433e+02 4.249677070296358465e+02
5.000000000000000000e+00 1.958801459701639942e+02 1.069024259797795828e+01 5.477550748198948938e+00 1.096964015614988028e+02 9.000311693584124839e+01 5.043500793889704426e+01 1.731018984882126233e+03 6.820416641838321539e+02 5.470000000000000284e+01 2.469159310619677126e+05 1.850417785989720642e+03 8.107276454422567440e+02
6.000000000000000000e+00 1.959405150086778633e+02 1.069495152668054594e+01 5.793393746952172130e+00 1.114556504676666009e+02 8.986595621374691234e+01 5.009302125519457860e+01 1.126872157261161419e+03 1.675287397097848498e+03 5.470000000000000284e+01 2.980385856775594293e+05 6.906436096286137172e+02 8.908103408606822313e+02
7.000000000000000000e+00 1.959366844424163219e+02 1.070213444373871248e+01 1.551206307761425540e+00 8.582561561297907815e+01 8.959294959495838384e+01 5.009416839573370339e+01 1.284850304002078929e+03 1.695081306458397876e+03 5.470000000000000284e+01 1.194972858381593134e+06 7.651077477123313884e+02 1.031822721630798469e+03
8.000000000000000000e+00 1.958808619163823153e+02 1.070388951463804617e+01 1.807112026272574168e+00 8.703099933605756178e+01 8.985284699059846503e+01 5.018220257111642013e+01 1.942199555166645951e+03 8.458412510421512707e+02 5.470000000000000284e+01 3.023715527746165753e+05 1.838201268661611266e+03 1.077076124572747631e+03
9.000000000000000000e+00 1.959241427356238034e+02 1.071232970987239952e+01 1.916348748309608663e+00 8.694915097268716409e+01 8.965265679818789124e+01 5.013472940421156210e+01 1.588804162572807172e+03 1.613671066474885265e+03 5.470000000000000284e+01 2.871557000381356338e+05 1.007340241262754489e+03 1.233362242229443837e+03
1.000000000000000000e+01 1.959058271950232495e+02 1.073845600367144471e+01 3.967910981247631863e+00 1.110203595578439462e+02 8.991836150575291242e+01 5.020695077410040597e+01 2.213715057531883758e+03 1.621023259759257144e+03 5.470000000000000284e+01 3.356169091179519892e+05 1.362347932249105270e+03 1.747137786101035090e+03
1.100000000000000000e+01 1.959050087301942824e+02 1.073797285646400645e+01 4.529578563084508680e+00 1.196840314672203220e+02 8.930000042475622024e+01 5.010908697816449830e+01 2.214660141748973729e+03 1.603188964354372956e+03 5.470000000000000284e+01 3.779667243786078179e+05 1.378021203332357572e+03 1.737864262504771887e+03
1.200000000000000000e+01 1.959627781759902518e+02 1.076214034531567698e+01 3.702819542958433630e+00 1.016232062761238666e+02 8.998520301037120817e+01 5.010445162523499363e+01 1.951033534811163918e+03 2.774188747397285624e+03 5.470000000000000284e+01 1.656865490019218996e+05 2.707022560066993719e+02 2.198528388898546837e+03
1.300000000000000000e+01 1.959622986883542239e+02 1.076176954743169034e+01 2.119439462966704379e+00 8.774027329115534712e+01 8.934113271918845101e+01 5.008779758150995320e+01 1.951086827163592488e+03 2.763015029912794034e+03 5.470000000000000284e+01 2.569081964763193391e+05 2.798721607794682313e+02 2.191380265271682219e+03
1.400000000000000000e+01 1.958997147881786702e+02 1.077316874463219953e+01 1.669167963859836235e+00 8.623935406499396095e+01 9.015250874425801442e+01 5.032260283351386221e+01 2.837785867992914064e+03 1.915483762234681308e+03 5.470000000000000284e+01 4.449078295248104259e+05 1.483783198750072188e+03 2.426187807033096760e+03
1.500000000000000000e+01 1.959232725648662665e+02 1.080364355778828589e+01 1.430303340470296281e+00 8.558957491470738432e+01 8.927580281289753827e+01 4.969362466701034009e+01 3.060087099329538887e+03 2.623850060420539194e+03 5.470000000000000284e+01 7.952011404277047142e+06 1.034652546915292078e+03 3.016651475708305952e+03
1.600000000000000000e+01 1.959218384634399683e+02 1.080166552235426103e+01 7.373409871134415816e+00 1.119856448464673662e+02 8.968706234426733204e+01 5.035780848398150056e+01 3.044662643713052148e+03 2.579061488289387853e+03 5.470000000000000284e+01 4.880256098933191388e+05 1.061976920904457984e+03 2.978306469497906619e+03
1.700000000000000000e+01 1.958890841926018140e+02 1.080506208243172850e+01 1.504424807290255961e+00 8.575878431965011828e+01 8.979314692053904423e+01 5.017240090926476626e+01 3.467927198536473497e+03 2.106782097290517413e+03 5.470000000000000284e+01 7.962301874434917700e+05 1.691676262715690200e+03 3.051071142859757401e+03
1.800000000000000000e+01 1.959124457183480388e+02 1.080698977938355476e+01 2.076798634960108636e+00 8.752368988186847787e+01 8.964994043891381637e+01 5.016002688527959918e+01 3.236040560132518749e+03 2.492205955560137681e+03 5.470000000000000284e+01 2.667668520519243320e+05 1.243055328194623371e+03 3.084113747098718250e+03
1.900000000000000000e+01 1.958757218637718154e+02 1.080910586362740311e+01 7.777663086560753669e+00 1.228924727549041478e+02 8.968916673441870557e+01 5.021764167332602113e+01 3.683480344516771311e+03 1.944223669631665871e+03 5.470000000000000284e+01 5.279506783909532242e+05 1.948860734913408578e+03 3.132680427426510505e+03
2.000000000000000000e+01 1.959071794138053519e+02 1.081078198597013085e+01 5.667996790802514617e+00 9.958845912806395972e+01 8.987101505687019198e+01 5.019278154651350121e+01 3.355476217511432424e+03 2.453142265779409172e+03 5.470000000000000284e+01 4.012700938613881590e+05 1.344671643192116335e+03 3.159198399045435963e+03
2.100000000000000000e+01 1.959081403667803727e+02 1.081128994749069427e+01 4.048805593159242378e+00 1.193876616941579698e+02 8.950654325588256199e+01 5.013317219945081149e+01 3.353048305035421890e+03 2.473186245537605828e+03 5.470000000000000284e+01 3.601576417221397860e+05 1.326267658873589426e+03 3.168928633243293007e+03
2.200000000000000000e+01 1.959605862866755785e+02 1.081426905911821912e+01 4.368431980863485720e+00 1.050289569494682951e+02 8.999127137367283069e+01 5.014659618759648652e+01 2.810050835932842347e+03 3.323972956120811887e+03 5.470000000000000284e+01 2.047320498202058952e+05 3.189946621922269969e+02 3.216887736873761696e+03
2.300000000000000000e+01 1.959172584401166546e+02 1.082091430266730292e+01 3.380758905613816090e+00 9.443305977713123411e+01 8.947592163166066825e+01 5.008832479293885598e+01 3.404930418399165774e+03 2.722944597194502876e+03 5.470000000000000284e+01 2.683600009984944481e+05 1.152198289023120651e+03 3.355076029958873733e+03
2.400000000000000000e+01 1.959379708126862170e+02 1.083079737779445217e+01 3.006607641294337441e+00 9.901483802538952261e+01 8.999756657241876212e+01 5.000052460209244032e+01 3.329002705270633214e+03 3.155997884745240299e+03 5.470000000000000284e+01 2.247694927639825037e+05 7.554278735231380324e+02 3.544021851245804555e+03
2.500000000000000000e+01 1.959111997605933198e+02 1.083197113747038642e+01 5.480617025597478431e+00 1.080638419170360862e+02 8.972943911661525362e+01 5.009202567383181304e+01 3.650003718051565556e+03 2.751996026967665330e+03 5.470000000000000284e+01 2.950895373720559292e+05 1.269870503137252626e+03 3.572170737447382635e+03
2.600000000000000000e+01 1.958806784087093149e+02 1.083442482247665595e+01 1.646262639039509867e+00 8.649216684697813662e+01 8.971743543190622461e+01 5.017758355955120209e+01 4.032896696287830309e+03 2.305566069287624941e+03 5.470000000000000284e+01 4.196622247624712181e+05 1.856497506533369233e+03 3.626099841211235798e+03
2.700000000000000000e+01 1.958806925602328022e+02 1.083444196585192998e+01 1.646155155887943922e+00 8.649688025747192910e+01 8.972937891962436652e+01 5.017760330826911286e+01 4.032919447516258060e+03 2.305248277950455758e+03 5.470000000000000284e+01 4.196388290263174567e+05 1.856227582785461664e+03 3.626431795447829245e+03
2.800000000000000000e+01 1.958824876252774629e+02 1.087624707834984328e+01 1.557287272657338795e+00 8.624456619436433868e+01 8.973395241073244222e+01 5.017744568928123527e+01 4.681518573040722003e+03 2.800907182672454383e+03 5.470000000000000284e+01 4.121972233348327572e+05 1.826477687294909174e+03 4.442398229776013977e+03
