# id ra dec s L A b x y a flux x_0 y_0
0.000000000000000000e+00 7.287918542909851283e+01 1.210606941671490056e+01 2.129538222057963281e+00 1.436433837795812565e+02 8.735142025137302824e+01 1.885077271694748617e+02 2.313937406589026523e+03 6.437913476069778653e+02 -5.480000000000000426e+00 3.910272958396170288e+06 1.922746451866132929e+03 4.615846457862728016e+02
1.000000000000000000e+00 7.286474519931248039e+01 1.210588820227290796e+01 6.536995273481689850e+00 1.633826630349950619e+02 9.003159062270140112e+01 2.090449381840909382e+02 2.039004884844795470e+03 6.184128526967912194e+02 -5.480000000000000426e+00 1.673902983984269667e+05 1.647036543304280713e+03 4.629471963582141143e+02
2.000000000000000000e+00 7.284850460755818347e+01 1.211240669995029684e+01 2.093448152927903205e+00 1.438242975661824801e+02 8.735516805242704663e+01 1.883748897819671129e+02 1.743899129618668439e+03 4.605868023118305246e+02 -5.480000000000000426e+00 3.258105978812636342e+06 1.337464903727099909e+03 3.342543450123625917e+02
3.000000000000000000e+00 7.287370498247945250e+01 1.209414659285770810e+01 5.459206853145983196e+00 1.559722166136805299e+02 8.996416131050548870e+01 2.090458010183760109e+02 2.187067350261310366e+03 8.621650241876575365e+02 -5.480000000000000426e+00 1.278398072563593742e+05 1.817221277963873263e+03 6.917102077722496460e+02
4.000000000000000000e+00 7.287148047150026287e+01 1.209317515822473688e+01 1.174022236035927413e+01 1.763332872826310336e+02 8.721980319403373016e+01 1.890585675181643524e+02 2.143321437337433053e+03 8.766166076684568225e+02 -5.480000000000000426e+00 8.350411578296455555e+05 1.774675763949248903e+03 7.101957038111057727e+02
5.000000000000000000e+00 7.283932150554628038e+01 1.208759056841973134e+01 5.797770461027059952e+00 1.578870879924727717e+02 9.001972255385454957e+01 2.102547216106356132e+02 1.520941301384390499e+03 9.212157212789966252e+02 -5.480000000000000426e+00 1.294015426073353738e+05 1.160226806542987106e+03 8.135478161830567387e+02
6.000000000000000000e+00 7.279781360593237594e+01 1.208755769454629103e+01 9.849114078881147094e+00 1.774818013094680396e+02 8.752081570031255353e+01 1.886881607306095532e+02 7.333596073398067574e+02 8.400761540919945674e+02 -5.480000000000000426e+00 6.035883482007253915e+05 3.676815512316213130e+02 8.078595524922194500e+02
7.000000000000000000e+00 7.287885395989989945e+01 1.207840362574722270e+01 2.923653217040533825e+00 1.522574740948466854e+02 8.788334827061345322e+01 2.076706976831666793e+02 2.255215168872053255e+03 1.176348114837672711e+03 -5.480000000000000426e+00 3.863009102075733244e+04 1.914359782319067335e+03 9.974067060955574107e+02
8.000000000000000000e+00 7.281913648067748568e+01 1.206712056266873923e+01 1.273849892265313599e+01 1.902414410810325478e+02 8.962544814358554390e+01 2.046171049821080601e+02 1.098410679912004298e+03 1.276158963424577450e+03 -5.480000000000000426e+00 5.785431730550024658e+05 7.732107461707153107e+02 1.206981310523372713e+03
9.000000000000000000e+00 7.282775899729986691e+01 1.206720454262030096e+01 3.687269856964200176e+00 1.494620950085613060e+02 9.001996415806979712e+01 1.913948085952513907e+02 1.262936842446868468e+03 1.290914489836615758e+03 -5.480000000000000426e+00 1.694748140570949763e+05 9.378659013479013993e+02 1.206665296225310840e+03
1.000000000000000000e+01 7.283745752267826390e+01 1.206322750279123568e+01 2.143490147245154631e+00 1.437978897857627203e+02 8.729411456850381512e+01 1.885907162810939042e+02 1.439826444507781844e+03 1.386772448447733495e+03 -5.480000000000000426e+00 1.515491584405075992e+06 1.122753184048676530e+03 1.285166489720633308e+03
1.100000000000000000e+01 7.279101378838427649e+01 1.205392730263689138e+01 9.011278835285754241e+00 1.686424895007475584e+02 8.999455770054159132e+01 2.095798533511656956e+02 5.390340920338118167e+02 1.474872611131017720e+03 -5.480000000000000426e+00 2.215764958181097172e+05 2.351370818137621086e+02 1.458218473242051914e+03
1.200000000000000000e+01 7.284178399482237865e+01 1.205454876831995037e+01 3.013620160912310109e+00 1.465533950024895660e+02 8.731822381036960223e+01 1.888716182028703372e+02 1.504668305809311050e+03 1.562491091987568325e+03 -5.480000000000000426e+00 4.033501133275631582e+05 1.204700600281760217e+03 1.453921536161842823e+03
1.300000000000000000e+01 7.279361684693027712e+01 1.202878009320751929e+01 1.245829272215404515e+01 2.009576032856361962e+02 8.954323964737052677e+01 2.093530260499829296e+02 5.402260673956894834e+02 1.964591901593747707e+03 -5.480000000000000426e+00 3.791957387132891454e+05 2.828244235099046477e+02 1.945708902095620033e+03
1.400000000000000000e+01 7.282603678348326071e+01 1.202667552885851343e+01 5.823666782261167185e+00 1.570695690816431522e+02 9.004467264579048447e+01 1.919705123428093998e+02 1.151989231448864075e+03 2.069266562560741932e+03 -5.480000000000000426e+00 2.569553413506888319e+05 9.018144398064223424e+02 1.991428893503437848e+03
1.500000000000000000e+01 7.285133072073833205e+01 1.202391575216393882e+01 4.685705983547149067e+00 1.516373360806958033e+02 8.732469565104847220e+01 1.885012495963075594e+02 1.626789403271666743e+03 2.171999370158609963e+03 -5.480000000000000426e+00 3.836120869102725992e+05 1.384666404431646697e+03 2.048700096172871326e+03
1.600000000000000000e+01 7.286709129334543888e+01 1.202636844784026060e+01 2.087970585638658783e+00 1.445556257942171499e+02 8.994659048372636789e+01 2.091098041060285198e+02 1.931481323324468804e+03 2.155705800344885574e+03 -5.480000000000000426e+00 1.804032127095895121e+06 1.685847267124037444e+03 2.003548397403209947e+03
1.700000000000000000e+01 7.281238732168957029e+01 1.201238857011971817e+01 2.262590586242555712e+00 1.445728014399483072e+02 8.735903387674044041e+01 1.890969192959030920e+02 8.647032893657017212e+02 2.316939166614990881e+03 -5.480000000000000426e+00 8.396320185526672285e+05 6.400067218126002899e+02 2.266081660050938808e+03
1.800000000000000000e+01 7.280676918765436767e+01 1.201297964374984417e+01 2.191647479575636215e+00 1.449463839722035914e+02 8.993652664927142837e+01 2.089784582746756314e+02 7.593701222514283700e+02 2.295346667020018231e+03 -5.480000000000000426e+00 8.097420074251128826e+05 5.327523598743495086e+02 2.253774190335171625e+03
1.900000000000000000e+01 7.285951803306990371e+01 1.200273359991212097e+01 5.140122013027154324e+00 1.522064467512810495e+02 8.750350420662434203e+01 1.892119043587512124e+02 1.742564106692045925e+03 2.596674227656988933e+03 -5.480000000000000426e+00 4.070750485681073042e+05 1.539423728828403910e+03 2.460210056377411547e+03
2.000000000000000000e+01 7.287677046367046785e+01 1.198881083396127778e+01 2.061872862076597368e+00 1.438164159181570483e+02 8.973784374025689203e+01 2.073194504043330539e+02 2.042517034411217310e+03 2.898668322474591150e+03 -5.480000000000000426e+00 4.985294085880554281e+06 1.867898874471179170e+03 2.732451121742442865e+03
2.100000000000000000e+01 7.283486669876764097e+01 1.197977075899940225e+01 1.480533095209727179e+01 1.876361983757832093e+02 8.763713767477028682e+01 1.905467360591353554e+02 1.229604898921263157e+03 2.990604655995371104e+03 -5.480000000000000426e+00 1.006606825002739206e+06 1.066813784886749318e+03 2.901281944015603131e+03
2.200000000000000000e+01 7.287841714366635415e+01 1.197690733955476006e+01 1.277220682114953121e+01 2.007073743382518387e+02 9.014248407935136242e+01 2.066990071191450795e+02 2.051358320497359273e+03 3.131536818032297106e+03 -5.480000000000000426e+00 4.488323284685947001e+05 1.898465282174247477e+03 2.963256965579053940e+03
2.300000000000000000e+01 7.287110748279776828e+01 1.197526171626437730e+01 2.415625843458814259e+00 1.440697773293430544e+02 8.712897707595344343e+01 1.877715264433483355e+02 1.908769890218147339e+03 3.148785409309401985e+03 -5.480000000000000426e+00 6.363146865840035025e+05 1.758717976864309776e+03 2.994047506538626294e+03
